"trial_type","trial_index","time_elapsed","internal_node_id","subject","participantCode","walkNumber","success","rt","stimulus","key_press","test_part","leftProb","midProb","rightProb","generatedNum","correct"
"pavlovia",0,885,"0.0-0.0","bc9hr80gw4q3fzx",713,"52.csv","","","","","",NA,NA,NA,NA,""
"fullscreen",1,3030462,"0.0-1.0","bc9hr80gw4q3fzx",713,"52.csv","true","","","","",NA,NA,NA,NA,""
"html-keyboard-response",2,3034762,"0.0-2.0-0.0","bc9hr80gw4q3fzx",713,"52.csv","","4297.5","<p><font size='6'>Arrrgh!</p></font><p>Can you be the best pirate? Try to find lots of gold! But beware, some islands have more gold than others, and over time, the island with the most gold may change. Can YOU figure it out? </p><font size='6'>GOOD LUCK, CAPTAIN!!!</font><p>Press any key to begin</p>","32","",NA,NA,NA,NA,""
"image-keyboard-response",3,3037768,"0.0-2.0-1.0","bc9hr80gw4q3fzx",713,"52.csv","","null","resources/image_sets/111.png","null","",NA,NA,NA,NA,""
"image-keyboard-response",4,3077263,"0.0-2.0-2.0","bc9hr80gw4q3fzx",713,"52.csv","","39490.5","resources/image_sets/left_highlight.png","37","",NA,NA,NA,NA,""
"image-keyboard-response",5,3078521,"0.0-2.0-3.0","bc9hr80gw4q3fzx",713,"52.csv","","1256.2000000029802","resources/image_sets/mid_highlight.png","38","",NA,NA,NA,NA,""
"image-keyboard-response",6,3079195,"0.0-2.0-4.0","bc9hr80gw4q3fzx",713,"52.csv","","672.7000000029802","resources/image_sets/right_highlight.png","39","",NA,NA,NA,NA,""
"image-keyboard-response",7,3083974,"0.0-2.0-5.0","bc9hr80gw4q3fzx",713,"52.csv","","4777.100000008941","resources/image_sets/111.png","13","",NA,NA,NA,NA,""
"image-keyboard-response",8,3089627,"0.0-2.0-6.0","bc9hr80gw4q3fzx",713,"52.csv","","5651.800000011921","resources/images/coin2.png","13","",NA,NA,NA,NA,""
"image-keyboard-response",9,3091650,"0.0-2.0-7.0","bc9hr80gw4q3fzx",713,"52.csv","","2021.3999999910593","resources/images/fishbone.png","13","",NA,NA,NA,NA,""
"html-keyboard-response",10,3107650,"0.0-2.0-8.0","bc9hr80gw4q3fzx",713,"52.csv","","15999.20000000298","<p>Your first journey will be a long one, but you will get a well deserved break at the end</p><p>After the break you will have four more journeys, but each will be much shorter than the first, and you will have breaks in between each</p><p>Press Enter to begin</p>","13","",NA,NA,NA,NA,""
"image-keyboard-response",11,3110960,"0.0-3.0-0.0","bc9hr80gw4q3fzx",713,"52.csv","","3306","resources/trios/L4T4A1.jpg","39","restless",0.7,0.9,0.3,0.865192438670599,"false"
"image-keyboard-response",12,3111367,"0.0-3.0-1.0","bc9hr80gw4q3fzx",713,"52.csv","","null","resources/maskTrios/BBA1.jpg","null","",NA,NA,NA,NA,""
"image-keyboard-response",13,3112571,"0.0-3.0-2.0","bc9hr80gw4q3fzx",713,"52.csv","","null","resources/images/fishbone.png","null","",NA,NA,NA,NA,""
"image-keyboard-response",14,3112816,"0.0-3.1-0.1","bc9hr80gw4q3fzx",713,"52.csv","","242.19999998807907","resources/trios/L4T4A2.jpg","39","restless",0.7,0.9,0.3,0.197931938716272,"true"
"image-keyboard-response",15,3113222,"0.0-3.1-1.1","bc9hr80gw4q3fzx",713,"52.csv","","null","resources/maskTrios/BBA2.jpg","null","",NA,NA,NA,NA,""
"image-keyboard-response",16,3114426,"0.0-3.1-2.1","bc9hr80gw4q3fzx",713,"52.csv","","null","resources/images/coin2.png","null","",NA,NA,NA,NA,""
"image-keyboard-response",17,3115139,"0.0-3.2-0.2","bc9hr80gw4q3fzx",713,"52.csv","","711","resources/trios/L1T4A2.jpg","38","restless",0.7,0.9,0.3,0.37440245128295,"true"
"image-keyboard-response",18,3115543,"0.0-3.2-1.2","bc9hr80gw4q3fzx",713,"52.csv","","null","resources/maskTrios/BT4B.jpg","null","",NA,NA,NA,NA,""
"image-keyboard-response",19,3116748,"0.0-3.2-2.2","bc9hr80gw4q3fzx",713,"52.csv","","null","resources/images/coin2.png","null","",NA,NA,NA,NA,""
"image-keyboard-response",20,3116988,"0.0-3.3-0.3","bc9hr80gw4q3fzx",713,"52.csv","","238.5","resources/trios/L1T1A2.jpg","37","restless",0.7,0.9,0.3,0.116943249516993,"true"
"image-keyboard-response",21,3117391,"0.0-3.3-1.3","bc9hr80gw4q3fzx",713,"52.csv","","null","resources/maskTrios/L1BB.jpg","null","",NA,NA,NA,NA,""
"image-keyboard-response",22,3118597,"0.0-3.3-2.3","bc9hr80gw4q3fzx",713,"52.csv","","null","resources/images/coin2.png","null","",NA,NA,NA,NA,""
"image-keyboard-response",23,3118916,"0.0-3.4-0.4","bc9hr80gw4q3fzx",713,"52.csv","","317.1000000089407","resources/trios/L1T4A1.jpg","37","restless",0.8,0.9,0.3,0.647673916270457,"true"
"image-keyboard-response",24,3119321,"0.0-3.4-1.4","bc9hr80gw4q3fzx",713,"52.csv","","null","resources/maskTrios/L1BB.jpg","null","",NA,NA,NA,NA,""
"image-keyboard-response",25,3120525,"0.0-3.4-2.4","bc9hr80gw4q3fzx",713,"52.csv","","null","resources/images/coin2.png","null","",NA,NA,NA,NA,""
"image-keyboard-response",26,3120783,"0.0-3.5-0.5","bc9hr80gw4q3fzx",713,"52.csv","","256","resources/trios/L4T4A1.jpg","39","restless",0.8,0.8,0.3,0.549192133757411,"false"
"image-keyboard-response",27,3121188,"0.0-3.5-1.5","bc9hr80gw4q3fzx",713,"52.csv","","null","resources/maskTrios/BBA1.jpg","null","",NA,NA,NA,NA,""
"image-keyboard-response",28,3122392,"0.0-3.5-2.5","bc9hr80gw4q3fzx",713,"52.csv","","null","resources/images/fishbone.png","null","",NA,NA,NA,NA,""
"image-keyboard-response",29,3122763,"0.0-3.6-0.6","bc9hr80gw4q3fzx",713,"52.csv","","368.29999999701977","resources/trios/L4T1A2.jpg","39","restless",0.8,0.8,0.3,0.851664486200306,"false"
"image-keyboard-response",30,3123168,"0.0-3.6-1.6","bc9hr80gw4q3fzx",713,"52.csv","","null","resources/maskTrios/BBA2.jpg","null","",NA,NA,NA,NA,""
"image-keyboard-response",31,3124372,"0.0-3.6-2.6","bc9hr80gw4q3fzx",713,"52.csv","","null","resources/images/fishbone.png","null","",NA,NA,NA,NA,""
"image-keyboard-response",32,3124586,"0.0-3.7-0.7","bc9hr80gw4q3fzx",713,"52.csv","","211.79999999701977","resources/trios/L4T4A1.jpg","39","restless",0.8,0.8,0.3,0.691558942110834,"false"
"image-keyboard-response",33,3124992,"0.0-3.7-1.7","bc9hr80gw4q3fzx",713,"52.csv","","null","resources/maskTrios/BBA1.jpg","null","",NA,NA,NA,NA,""
"image-keyboard-response",34,3126196,"0.0-3.7-2.7","bc9hr80gw4q3fzx",713,"52.csv","","null","resources/images/fishbone.png","null","",NA,NA,NA,NA,""
"image-keyboard-response",35,3127647,"0.0-3.8-0.8","bc9hr80gw4q3fzx",713,"52.csv","","1449.7000000029802","resources/trios/L1T1A2.jpg","39","restless",0.8,0.8,0.3,0.485325887100239,"false"
"image-keyboard-response",36,3128050,"0.0-3.8-1.8","bc9hr80gw4q3fzx",713,"52.csv","","null","resources/maskTrios/BBA2.jpg","null","",NA,NA,NA,NA,""
"image-keyboard-response",37,3129255,"0.0-3.8-2.8","bc9hr80gw4q3fzx",713,"52.csv","","null","resources/images/fishbone.png","null","",NA,NA,NA,NA,""
"image-keyboard-response",38,3130536,"0.0-3.9-0.9","bc9hr80gw4q3fzx",713,"52.csv","","1279.2000000029802","resources/trios/L1T1A1.jpg","39","restless",0.8,0.8,0.3,0.461378627878269,"false"
"image-keyboard-response",39,3130940,"0.0-3.9-1.9","bc9hr80gw4q3fzx",713,"52.csv","","null","resources/maskTrios/BBA1.jpg","null","",NA,NA,NA,NA,""
"image-keyboard-response",40,3132142,"0.0-3.9-2.9","bc9hr80gw4q3fzx",713,"52.csv","","null","resources/images/fishbone.png","null","",NA,NA,NA,NA,""
"image-keyboard-response",41,3132458,"0.0-3.10-0.10","bc9hr80gw4q3fzx",713,"52.csv","","313.29999999701977","resources/trios/L4T4A1.jpg","37","restless",0.8,0.8,0.3,0.0935109557217952,"true"
"image-keyboard-response",42,3132861,"0.0-3.10-1.10","bc9hr80gw4q3fzx",713,"52.csv","","null","resources/maskTrios/L4BB.jpg","null","",NA,NA,NA,NA,""
"image-keyboard-response",43,3134065,"0.0-3.10-2.10","bc9hr80gw4q3fzx",713,"52.csv","","null","resources/images/coin2.png","null","",NA,NA,NA,NA,""
"image-keyboard-response",44,3134210,"0.0-3.11-0.11","bc9hr80gw4q3fzx",713,"52.csv","","143.29999999701977","resources/trios/L1T1A2.jpg","38","restless",0.8,0.8,0.3,0.454937604932977,"true"
"image-keyboard-response",45,3134613,"0.0-3.11-1.11","bc9hr80gw4q3fzx",713,"52.csv","","null","resources/maskTrios/BT1B.jpg","null","",NA,NA,NA,NA,""
"image-keyboard-response",46,3135816,"0.0-3.11-2.11","bc9hr80gw4q3fzx",713,"52.csv","","null","resources/images/coin2.png","null","",NA,NA,NA,NA,""
"image-keyboard-response",47,3136049,"0.0-3.12-0.12","bc9hr80gw4q3fzx",713,"52.csv","","231.5","resources/trios/L1T4A1.jpg","39","restless",0.9,0.8,0.2,0.129923402986191,"true"
"image-keyboard-response",48,3136452,"0.0-3.12-1.12","bc9hr80gw4q3fzx",713,"52.csv","","null","resources/maskTrios/BBA1.jpg","null","",NA,NA,NA,NA,""
"image-keyboard-response",49,3137655,"0.0-3.12-2.12","bc9hr80gw4q3fzx",713,"52.csv","","null","resources/images/coin2.png","null","",NA,NA,NA,NA,""
"image-keyboard-response",50,3138392,"0.0-3.13-0.13","bc9hr80gw4q3fzx",713,"52.csv","","735.3000000119209","resources/trios/L1T1A1.jpg","37","restless",0.9,0.8,0.2,0.81786102575319,"true"
"image-keyboard-response",51,3138796,"0.0-3.13-1.13","bc9hr80gw4q3fzx",713,"52.csv","","null","resources/maskTrios/L1BB.jpg","null","",NA,NA,NA,NA,""
"image-keyboard-response",52,3140002,"0.0-3.13-2.13","bc9hr80gw4q3fzx",713,"52.csv","","null","resources/images/coin2.png","null","",NA,NA,NA,NA,""
"image-keyboard-response",53,3140189,"0.0-3.14-0.14","bc9hr80gw4q3fzx",713,"52.csv","","185.09999999403954","resources/trios/L1T1A2.jpg","38","restless",0.9,0.7,0.2,0.357909181260692,"true"
"image-keyboard-response",54,3140591,"0.0-3.14-1.14","bc9hr80gw4q3fzx",713,"52.csv","","null","resources/maskTrios/BT1B.jpg","null","",NA,NA,NA,NA,""
"image-keyboard-response",55,3141795,"0.0-3.14-2.14","bc9hr80gw4q3fzx",713,"52.csv","","null","resources/images/coin2.png","null","",NA,NA,NA,NA,""
"image-keyboard-response",56,3141833,"0.0-3.15-0.15","bc9hr80gw4q3fzx",713,"52.csv","","37.20000000298023","resources/trios/L4T1A2.jpg","39","restless",0.9,0.7,0.2,0.85356489675933,"false"
"image-keyboard-response",57,3142239,"0.0-3.15-1.15","bc9hr80gw4q3fzx",713,"52.csv","","null","resources/maskTrios/BBA2.jpg","null","",NA,NA,NA,NA,""
"image-keyboard-response",58,3143441,"0.0-3.15-2.15","bc9hr80gw4q3fzx",713,"52.csv","","null","resources/images/fishbone.png","null","",NA,NA,NA,NA,""
"image-keyboard-response",59,3143675,"0.0-3.16-0.16","bc9hr80gw4q3fzx",713,"52.csv","","232","resources/trios/L1T1A1.jpg","37","restless",0.9,0.7,0.2,0.133923604714908,"true"
"image-keyboard-response",60,3144079,"0.0-3.16-1.16","bc9hr80gw4q3fzx",713,"52.csv","","null","resources/maskTrios/L1BB.jpg","null","",NA,NA,NA,NA,""
"image-keyboard-response",61,3145282,"0.0-3.16-2.16","bc9hr80gw4q3fzx",713,"52.csv","","null","resources/images/coin2.png","null","",NA,NA,NA,NA,""
"image-keyboard-response",62,3145509,"0.0-3.17-0.17","bc9hr80gw4q3fzx",713,"52.csv","","225","resources/trios/L4T4A2.jpg","38","restless",0.8,0.7,0.2,0.0837313714870671,"true"
"image-keyboard-response",63,3145916,"0.0-3.17-1.17","bc9hr80gw4q3fzx",713,"52.csv","","null","resources/maskTrios/BT4B.jpg","null","",NA,NA,NA,NA,""
"image-keyboard-response",64,3147119,"0.0-3.17-2.17","bc9hr80gw4q3fzx",713,"52.csv","","null","resources/images/coin2.png","null","",NA,NA,NA,NA,""
"image-keyboard-response",65,3147325,"0.0-3.18-0.18","bc9hr80gw4q3fzx",713,"52.csv","","204.29999999701977","resources/trios/L4T1A2.jpg","39","restless",0.8,0.6,0.2,0.434097259401156,"false"
"image-keyboard-response",66,3147728,"0.0-3.18-1.18","bc9hr80gw4q3fzx",713,"52.csv","","null","resources/maskTrios/BBA2.jpg","null","",NA,NA,NA,NA,""
"image-keyboard-response",67,3148931,"0.0-3.18-2.18","bc9hr80gw4q3fzx",713,"52.csv","","null","resources/images/fishbone.png","null","",NA,NA,NA,NA,""
"image-keyboard-response",68,3149434,"0.0-3.19-0.19","bc9hr80gw4q3fzx",713,"52.csv","","500.79999999701977","resources/trios/L1T4A2.jpg","37","restless",0.7,0.6,0.2,0.934174013165548,"false"
"image-keyboard-response",69,3149837,"0.0-3.19-1.19","bc9hr80gw4q3fzx",713,"52.csv","","null","resources/maskTrios/L1BB.jpg","null","",NA,NA,NA,NA,""
"image-keyboard-response",70,3151040,"0.0-3.19-2.19","bc9hr80gw4q3fzx",713,"52.csv","","null","resources/images/fishbone.png","null","",NA,NA,NA,NA,""
"image-keyboard-response",71,3151244,"0.0-3.20-0.20","bc9hr80gw4q3fzx",713,"52.csv","","201.6000000089407","resources/trios/L1T4A2.jpg","39","restless",0.7,0.6,0.3,0.963106637920731,"false"
"image-keyboard-response",72,3151647,"0.0-3.20-1.20","bc9hr80gw4q3fzx",713,"52.csv","","null","resources/maskTrios/BBA2.jpg","null","",NA,NA,NA,NA,""
"image-keyboard-response",73,3152850,"0.0-3.20-2.20","bc9hr80gw4q3fzx",713,"52.csv","","null","resources/images/fishbone.png","null","",NA,NA,NA,NA,""
"image-keyboard-response",74,3152886,"0.0-3.21-0.21","bc9hr80gw4q3fzx",713,"52.csv","","34.29999999701977","resources/trios/L4T4A1.jpg","38","restless",0.7,0.5,0.3,0.574748021168646,"false"
"image-keyboard-response",75,3153290,"0.0-3.21-1.21","bc9hr80gw4q3fzx",713,"52.csv","","null","resources/maskTrios/BT4B.jpg","null","",NA,NA,NA,NA,""
"image-keyboard-response",76,3154494,"0.0-3.21-2.21","bc9hr80gw4q3fzx",713,"52.csv","","null","resources/images/fishbone.png","null","",NA,NA,NA,NA,""
"image-keyboard-response",77,3155084,"0.0-3.22-0.22","bc9hr80gw4q3fzx",713,"52.csv","","589","resources/trios/L1T4A2.jpg","37","restless",0.7,0.5,0.3,0.050441090557841,"true"
"image-keyboard-response",78,3155489,"0.0-3.22-1.22","bc9hr80gw4q3fzx",713,"52.csv","","null","resources/maskTrios/L1BB.jpg","null","",NA,NA,NA,NA,""
"image-keyboard-response",79,3156693,"0.0-3.22-2.22","bc9hr80gw4q3fzx",713,"52.csv","","null","resources/images/coin2.png","null","",NA,NA,NA,NA,""
"image-keyboard-response",80,3156939,"0.0-3.23-0.23","bc9hr80gw4q3fzx",713,"52.csv","","244.59999999403954","resources/trios/L4T1A1.jpg","38","restless",0.7,0.5,0.3,0.527573395668381,"false"
"image-keyboard-response",81,3157341,"0.0-3.23-1.23","bc9hr80gw4q3fzx",713,"52.csv","","null","resources/maskTrios/BT1B.jpg","null","",NA,NA,NA,NA,""
"image-keyboard-response",82,3158544,"0.0-3.23-2.23","bc9hr80gw4q3fzx",713,"52.csv","","null","resources/images/fishbone.png","null","",NA,NA,NA,NA,""
"image-keyboard-response",83,3158993,"0.0-3.24-0.24","bc9hr80gw4q3fzx",713,"52.csv","","447.09999999403954","resources/trios/L4T1A2.jpg","39","restless",0.7,0.5,0.3,0.288442742486916,"true"
"image-keyboard-response",84,3159398,"0.0-3.24-1.24","bc9hr80gw4q3fzx",713,"52.csv","","null","resources/maskTrios/BBA2.jpg","null","",NA,NA,NA,NA,""
"image-keyboard-response",85,3160604,"0.0-3.24-2.24","bc9hr80gw4q3fzx",713,"52.csv","","null","resources/images/coin2.png","null","",NA,NA,NA,NA,""
"image-keyboard-response",86,3160817,"0.0-3.25-0.25","bc9hr80gw4q3fzx",713,"52.csv","","210.19999998807907","resources/trios/L4T4A1.jpg","38","restless",0.8,0.5,0.3,0.372708278619273,"true"
"image-keyboard-response",87,3161222,"0.0-3.25-1.25","bc9hr80gw4q3fzx",713,"52.csv","","null","resources/maskTrios/BT4B.jpg","null","",NA,NA,NA,NA,""
"image-keyboard-response",88,3162424,"0.0-3.25-2.25","bc9hr80gw4q3fzx",713,"52.csv","","null","resources/images/coin2.png","null","",NA,NA,NA,NA,""
"image-keyboard-response",89,3162857,"0.0-3.26-0.26","bc9hr80gw4q3fzx",713,"52.csv","","431.79999999701977","resources/trios/L4T1A1.jpg","37","restless",0.8,0.5,0.3,0.682657016583974,"true"
"image-keyboard-response",90,3163264,"0.0-3.26-1.26","bc9hr80gw4q3fzx",713,"52.csv","","null","resources/maskTrios/L4BB.jpg","null","",NA,NA,NA,NA,""
"image-keyboard-response",91,3164469,"0.0-3.26-2.26","bc9hr80gw4q3fzx",713,"52.csv","","null","resources/images/coin2.png","null","",NA,NA,NA,NA,""
"image-keyboard-response",92,3165597,"0.0-3.27-0.27","bc9hr80gw4q3fzx",713,"52.csv","","1125.5999999940395","resources/trios/L4T4A1.jpg","37","restless",0.8,0.5,0.3,0.673499184703983,"true"
"image-keyboard-response",93,3166001,"0.0-3.27-1.27","bc9hr80gw4q3fzx",713,"52.csv","","null","resources/maskTrios/L4BB.jpg","null","",NA,NA,NA,NA,""
"image-keyboard-response",94,3167205,"0.0-3.27-2.27","bc9hr80gw4q3fzx",713,"52.csv","","null","resources/images/coin2.png","null","",NA,NA,NA,NA,""
"image-keyboard-response",95,3170823,"0.0-3.28-0.28","bc9hr80gw4q3fzx",713,"52.csv","","3615.2999999970198","resources/trios/L4T1A2.jpg","39","restless",0.9,0.5,0.2,0.252552415017107,"false"
"image-keyboard-response",96,3171229,"0.0-3.28-1.28","bc9hr80gw4q3fzx",713,"52.csv","","null","resources/maskTrios/BBA2.jpg","null","",NA,NA,NA,NA,""
"image-keyboard-response",97,3172431,"0.0-3.28-2.28","bc9hr80gw4q3fzx",713,"52.csv","","null","resources/images/fishbone.png","null","",NA,NA,NA,NA,""
"image-keyboard-response",98,3173220,"0.0-3.29-0.29","bc9hr80gw4q3fzx",713,"52.csv","","786.4000000059605","resources/trios/L1T1A2.jpg","38","restless",0.9,0.5,0.2,0.814627146052455,"false"
"image-keyboard-response",99,3173622,"0.0-3.29-1.29","bc9hr80gw4q3fzx",713,"52.csv","","null","resources/maskTrios/BT1B.jpg","null","",NA,NA,NA,NA,""
"image-keyboard-response",100,3174828,"0.0-3.29-2.29","bc9hr80gw4q3fzx",713,"52.csv","","null","resources/images/fishbone.png","null","",NA,NA,NA,NA,""
"image-keyboard-response",101,3175432,"0.0-3.30-0.30","bc9hr80gw4q3fzx",713,"52.csv","","602.2000000029802","resources/trios/L4T1A2.jpg","37","restless",0.9,0.5,0.3,0.380619455400997,"true"
"image-keyboard-response",102,3175836,"0.0-3.30-1.30","bc9hr80gw4q3fzx",713,"52.csv","","null","resources/maskTrios/L4BB.jpg","null","",NA,NA,NA,NA,""
"image-keyboard-response",103,3177040,"0.0-3.30-2.30","bc9hr80gw4q3fzx",713,"52.csv","","null","resources/images/coin2.png","null","",NA,NA,NA,NA,""
"image-keyboard-response",104,3178214,"0.0-3.31-0.31","bc9hr80gw4q3fzx",713,"52.csv","","1172.1000000089407","resources/trios/L4T4A1.jpg","37","restless",0.9,0.4,0.3,0.0645714815889367,"true"
"image-keyboard-response",105,3178619,"0.0-3.31-1.31","bc9hr80gw4q3fzx",713,"52.csv","","null","resources/maskTrios/L4BB.jpg","null","",NA,NA,NA,NA,""
"image-keyboard-response",106,3179823,"0.0-3.31-2.31","bc9hr80gw4q3fzx",713,"52.csv","","null","resources/images/coin2.png","null","",NA,NA,NA,NA,""
"image-keyboard-response",107,3181119,"0.0-3.32-0.32","bc9hr80gw4q3fzx",713,"52.csv","","1293.8999999910593","resources/trios/L1T4A2.jpg","38","restless",0.9,0.4,0.3,0.618243884794129,"false"
"image-keyboard-response",108,3181524,"0.0-3.32-1.32","bc9hr80gw4q3fzx",713,"52.csv","","null","resources/maskTrios/BT4B.jpg","null","",NA,NA,NA,NA,""
"image-keyboard-response",109,3182728,"0.0-3.32-2.32","bc9hr80gw4q3fzx",713,"52.csv","","null","resources/images/fishbone.png","null","",NA,NA,NA,NA,""
"image-keyboard-response",110,3183871,"0.0-3.33-0.33","bc9hr80gw4q3fzx",713,"52.csv","","1142","resources/trios/L1T4A1.jpg","39","restless",0.9,0.4,0.3,0.736514580505067,"false"
"image-keyboard-response",111,3184273,"0.0-3.33-1.33","bc9hr80gw4q3fzx",713,"52.csv","","null","resources/maskTrios/BBA1.jpg","null","",NA,NA,NA,NA,""
"image-keyboard-response",112,3185477,"0.0-3.33-2.33","bc9hr80gw4q3fzx",713,"52.csv","","null","resources/images/fishbone.png","null","",NA,NA,NA,NA,""
"image-keyboard-response",113,3185719,"0.0-3.34-0.34","bc9hr80gw4q3fzx",713,"52.csv","","240.30000001192093","resources/trios/L4T1A1.jpg","37","restless",0.8,0.4,0.3,0.860679813871249,"false"
"image-keyboard-response",114,3186124,"0.0-3.34-1.34","bc9hr80gw4q3fzx",713,"52.csv","","null","resources/maskTrios/L4BB.jpg","null","",NA,NA,NA,NA,""
"image-keyboard-response",115,3187331,"0.0-3.34-2.34","bc9hr80gw4q3fzx",713,"52.csv","","null","resources/images/fishbone.png","null","",NA,NA,NA,NA,""
"image-keyboard-response",116,3187546,"0.0-3.35-0.35","bc9hr80gw4q3fzx",713,"52.csv","","213.90000000596046","resources/trios/L4T1A2.jpg","39","restless",0.8,0.4,0.3,0.486681874636741,"false"
"image-keyboard-response",117,3187950,"0.0-3.35-1.35","bc9hr80gw4q3fzx",713,"52.csv","","null","resources/maskTrios/BBA2.jpg","null","",NA,NA,NA,NA,""
"image-keyboard-response",118,3189154,"0.0-3.35-2.35","bc9hr80gw4q3fzx",713,"52.csv","","null","resources/images/fishbone.png","null","",NA,NA,NA,NA,""
"image-keyboard-response",119,3192764,"0.0-3.36-0.36","bc9hr80gw4q3fzx",713,"52.csv","","3608.6000000089407","resources/trios/L4T4A2.jpg","39","restless",0.8,0.4,0.3,0.597356847538202,"false"
"image-keyboard-response",120,3193169,"0.0-3.36-1.36","bc9hr80gw4q3fzx",713,"52.csv","","null","resources/maskTrios/BBA2.jpg","null","",NA,NA,NA,NA,""
"image-keyboard-response",121,3194373,"0.0-3.36-2.36","bc9hr80gw4q3fzx",713,"52.csv","","null","resources/images/fishbone.png","null","",NA,NA,NA,NA,""
"image-keyboard-response",122,3194647,"0.0-3.37-0.37","bc9hr80gw4q3fzx",713,"52.csv","","273.20000000298023","resources/trios/L4T1A2.jpg","37","restless",0.8,0.5,0.3,0.190400055857157,"true"
"image-keyboard-response",123,3195049,"0.0-3.37-1.37","bc9hr80gw4q3fzx",713,"52.csv","","null","resources/maskTrios/L4BB.jpg","null","",NA,NA,NA,NA,""
"image-keyboard-response",124,3196252,"0.0-3.37-2.37","bc9hr80gw4q3fzx",713,"52.csv","","null","resources/images/coin2.png","null","",NA,NA,NA,NA,""
"image-keyboard-response",125,3196531,"0.0-3.38-0.38","bc9hr80gw4q3fzx",713,"52.csv","","277","resources/trios/L1T4A1.jpg","38","restless",0.8,0.5,0.3,0.609545413738773,"false"
"image-keyboard-response",126,3196935,"0.0-3.38-1.38","bc9hr80gw4q3fzx",713,"52.csv","","null","resources/maskTrios/BT4B.jpg","null","",NA,NA,NA,NA,""
"image-keyboard-response",127,3198139,"0.0-3.38-2.38","bc9hr80gw4q3fzx",713,"52.csv","","null","resources/images/fishbone.png","null","",NA,NA,NA,NA,""
"image-keyboard-response",128,3199010,"0.0-3.39-0.39","bc9hr80gw4q3fzx",713,"52.csv","","869","resources/trios/L1T1A1.jpg","37","restless",0.8,0.5,0.4,0.806153917259439,"false"
"image-keyboard-response",129,3199413,"0.0-3.39-1.39","bc9hr80gw4q3fzx",713,"52.csv","","null","resources/maskTrios/L1BB.jpg","null","",NA,NA,NA,NA,""
"image-keyboard-response",130,3200620,"0.0-3.39-2.39","bc9hr80gw4q3fzx",713,"52.csv","","null","resources/images/fishbone.png","null","",NA,NA,NA,NA,""
"image-keyboard-response",131,3201444,"0.0-3.40-0.40","bc9hr80gw4q3fzx",713,"52.csv","","822.0999999940395","resources/trios/L4T4A2.jpg","37","restless",0.8,0.5,0.4,0.77056390954941,"true"
"image-keyboard-response",132,3201848,"0.0-3.40-1.40","bc9hr80gw4q3fzx",713,"52.csv","","null","resources/maskTrios/L4BB.jpg","null","",NA,NA,NA,NA,""
"image-keyboard-response",133,3203054,"0.0-3.40-2.40","bc9hr80gw4q3fzx",713,"52.csv","","null","resources/images/coin2.png","null","",NA,NA,NA,NA,""
"image-keyboard-response",134,3208088,"0.0-3.41-0.41","bc9hr80gw4q3fzx",713,"52.csv","","5032.600000008941","resources/trios/L4T4A1.jpg","38","restless",0.8,0.5,0.4,0.557611929193723,"false"
"image-keyboard-response",135,3208492,"0.0-3.41-1.41","bc9hr80gw4q3fzx",713,"52.csv","","null","resources/maskTrios/BT4B.jpg","null","",NA,NA,NA,NA,""
"image-keyboard-response",136,3209696,"0.0-3.41-2.41","bc9hr80gw4q3fzx",713,"52.csv","","null","resources/images/fishbone.png","null","",NA,NA,NA,NA,""
"image-keyboard-response",137,3209978,"0.0-3.42-0.42","bc9hr80gw4q3fzx",713,"52.csv","","280.6000000089407","resources/trios/L1T4A1.jpg","37","restless",0.8,0.5,0.4,0.540986443664014,"true"
"image-keyboard-response",138,3210382,"0.0-3.42-1.42","bc9hr80gw4q3fzx",713,"52.csv","","null","resources/maskTrios/L1BB.jpg","null","",NA,NA,NA,NA,""
"image-keyboard-response",139,3211587,"0.0-3.42-2.42","bc9hr80gw4q3fzx",713,"52.csv","","null","resources/images/coin2.png","null","",NA,NA,NA,NA,""
"image-keyboard-response",140,3213366,"0.0-3.43-0.43","bc9hr80gw4q3fzx",713,"52.csv","","1777.7999999970198","resources/trios/L1T1A1.jpg","38","restless",0.7,0.5,0.5,0.357908926742928,"true"
"image-keyboard-response",141,3213771,"0.0-3.43-1.43","bc9hr80gw4q3fzx",713,"52.csv","","null","resources/maskTrios/BT1B.jpg","null","",NA,NA,NA,NA,""
"image-keyboard-response",142,3214975,"0.0-3.43-2.43","bc9hr80gw4q3fzx",713,"52.csv","","null","resources/images/coin2.png","null","",NA,NA,NA,NA,""
"image-keyboard-response",143,3215842,"0.0-3.44-0.44","bc9hr80gw4q3fzx",713,"52.csv","","864.7999999970198","resources/trios/L1T4A2.jpg","39","restless",0.7,0.5,0.5,0.27283835749387,"true"
"image-keyboard-response",144,3216244,"0.0-3.44-1.44","bc9hr80gw4q3fzx",713,"52.csv","","null","resources/maskTrios/BBA2.jpg","null","",NA,NA,NA,NA,""
"image-keyboard-response",145,3217448,"0.0-3.44-2.44","bc9hr80gw4q3fzx",713,"52.csv","","null","resources/images/coin2.png","null","",NA,NA,NA,NA,""
"image-keyboard-response",146,3218529,"0.0-3.45-0.45","bc9hr80gw4q3fzx",713,"52.csv","","1079.0999999940395","resources/trios/L4T4A2.jpg","37","restless",0.7,0.5,0.5,0.360692211874834,"true"
"image-keyboard-response",147,3218935,"0.0-3.45-1.45","bc9hr80gw4q3fzx",713,"52.csv","","null","resources/maskTrios/L4BB.jpg","null","",NA,NA,NA,NA,""
"image-keyboard-response",148,3220138,"0.0-3.45-2.45","bc9hr80gw4q3fzx",713,"52.csv","","null","resources/images/coin2.png","null","",NA,NA,NA,NA,""
"image-keyboard-response",149,3221955,"0.0-3.46-0.46","bc9hr80gw4q3fzx",713,"52.csv","","1814.5","resources/trios/L1T4A2.jpg","37","restless",0.7,0.5,0.5,0.878885946075892,"false"
"image-keyboard-response",150,3222359,"0.0-3.46-1.46","bc9hr80gw4q3fzx",713,"52.csv","","null","resources/maskTrios/L1BB.jpg","null","",NA,NA,NA,NA,""
"image-keyboard-response",151,3223561,"0.0-3.46-2.46","bc9hr80gw4q3fzx",713,"52.csv","","null","resources/images/fishbone.png","null","",NA,NA,NA,NA,""
"image-keyboard-response",152,3224111,"0.0-3.47-0.47","bc9hr80gw4q3fzx",713,"52.csv","","548.5","resources/trios/L1T1A2.jpg","37","restless",0.7,0.5,0.5,0.424233176735804,"true"
"image-keyboard-response",153,3224514,"0.0-3.47-1.47","bc9hr80gw4q3fzx",713,"52.csv","","null","resources/maskTrios/L1BB.jpg","null","",NA,NA,NA,NA,""
"image-keyboard-response",154,3225718,"0.0-3.47-2.47","bc9hr80gw4q3fzx",713,"52.csv","","null","resources/images/coin2.png","null","",NA,NA,NA,NA,""
"image-keyboard-response",155,3225954,"0.0-3.48-0.48","bc9hr80gw4q3fzx",713,"52.csv","","234.90000000596046","resources/trios/L4T1A2.jpg","38","restless",0.7,0.5,0.5,0.0889331856166575,"true"
"image-keyboard-response",156,3226359,"0.0-3.48-1.48","bc9hr80gw4q3fzx",713,"52.csv","","null","resources/maskTrios/BT1B.jpg","null","",NA,NA,NA,NA,""
"image-keyboard-response",157,3227564,"0.0-3.48-2.48","bc9hr80gw4q3fzx",713,"52.csv","","null","resources/images/coin2.png","null","",NA,NA,NA,NA,""
"image-keyboard-response",158,3227702,"0.0-3.49-0.49","bc9hr80gw4q3fzx",713,"52.csv","","136.70000000298023","resources/trios/L4T4A1.jpg","39","restless",0.7,0.4,0.5,0.406130166103628,"true"
"image-keyboard-response",159,3228107,"0.0-3.49-1.49","bc9hr80gw4q3fzx",713,"52.csv","","null","resources/maskTrios/BBA1.jpg","null","",NA,NA,NA,NA,""
"image-keyboard-response",160,3229311,"0.0-3.49-2.49","bc9hr80gw4q3fzx",713,"52.csv","","null","resources/images/coin2.png","null","",NA,NA,NA,NA,""
"image-keyboard-response",161,3231162,"0.0-3.50-0.50","bc9hr80gw4q3fzx",713,"52.csv","","1849.4000000059605","resources/trios/L4T1A2.jpg","39","restless",0.7,0.4,0.5,0.193023266051567,"true"
"image-keyboard-response",162,3231567,"0.0-3.50-1.50","bc9hr80gw4q3fzx",713,"52.csv","","null","resources/maskTrios/BBA2.jpg","null","",NA,NA,NA,NA,""
"image-keyboard-response",163,3232772,"0.0-3.50-2.50","bc9hr80gw4q3fzx",713,"52.csv","","null","resources/images/coin2.png","null","",NA,NA,NA,NA,""
"image-keyboard-response",164,3233053,"0.0-3.51-0.51","bc9hr80gw4q3fzx",713,"52.csv","","279.29999999701977","resources/trios/L1T1A1.jpg","37","restless",0.7,0.4,0.5,0.519705274974718,"true"
"image-keyboard-response",165,3233458,"0.0-3.51-1.51","bc9hr80gw4q3fzx",713,"52.csv","","null","resources/maskTrios/L1BB.jpg","null","",NA,NA,NA,NA,""
"image-keyboard-response",166,3234659,"0.0-3.51-2.51","bc9hr80gw4q3fzx",713,"52.csv","","null","resources/images/coin2.png","null","",NA,NA,NA,NA,""
"image-keyboard-response",167,3234897,"0.0-3.52-0.52","bc9hr80gw4q3fzx",713,"52.csv","","236.20000000298023","resources/trios/L4T1A1.jpg","38","restless",0.7,0.4,0.5,0.696533848014056,"false"
"image-keyboard-response",168,3235301,"0.0-3.52-1.52","bc9hr80gw4q3fzx",713,"52.csv","","null","resources/maskTrios/BT1B.jpg","null","",NA,NA,NA,NA,""
"image-keyboard-response",169,3236507,"0.0-3.52-2.52","bc9hr80gw4q3fzx",713,"52.csv","","null","resources/images/fishbone.png","null","",NA,NA,NA,NA,""
"image-keyboard-response",170,3236726,"0.0-3.53-0.53","bc9hr80gw4q3fzx",713,"52.csv","","217.29999999701977","resources/trios/L1T1A2.jpg","39","restless",0.7,0.4,0.5,0.382697654263426,"true"
"image-keyboard-response",171,3237132,"0.0-3.53-1.53","bc9hr80gw4q3fzx",713,"52.csv","","null","resources/maskTrios/BBA2.jpg","null","",NA,NA,NA,NA,""
"image-keyboard-response",172,3238337,"0.0-3.53-2.53","bc9hr80gw4q3fzx",713,"52.csv","","null","resources/images/coin2.png","null","",NA,NA,NA,NA,""
"image-keyboard-response",173,3238977,"0.0-3.54-0.54","bc9hr80gw4q3fzx",713,"52.csv","","638.1999999880791","resources/trios/L1T1A2.jpg","38","restless",0.6,0.4,0.5,0.208478463369111,"true"
"image-keyboard-response",174,3239382,"0.0-3.54-1.54","bc9hr80gw4q3fzx",713,"52.csv","","null","resources/maskTrios/BT1B.jpg","null","",NA,NA,NA,NA,""
"image-keyboard-response",175,3240587,"0.0-3.54-2.54","bc9hr80gw4q3fzx",713,"52.csv","","null","resources/images/coin2.png","null","",NA,NA,NA,NA,""
"image-keyboard-response",176,3240853,"0.0-3.55-0.55","bc9hr80gw4q3fzx",713,"52.csv","","263.79999999701977","resources/trios/L1T4A2.jpg","37","restless",0.6,0.4,0.5,0.92421482344103,"false"
"image-keyboard-response",177,3241254,"0.0-3.55-1.55","bc9hr80gw4q3fzx",713,"52.csv","","null","resources/maskTrios/L1BB.jpg","null","",NA,NA,NA,NA,""
"image-keyboard-response",178,3242461,"0.0-3.55-2.55","bc9hr80gw4q3fzx",713,"52.csv","","null","resources/images/fishbone.png","null","",NA,NA,NA,NA,""
"image-keyboard-response",179,3242681,"0.0-3.56-0.56","bc9hr80gw4q3fzx",713,"52.csv","","218.6000000089407","resources/trios/L1T1A2.jpg","37","restless",0.6,0.4,0.5,0.705611588569715,"false"
"image-keyboard-response",180,3243087,"0.0-3.56-1.56","bc9hr80gw4q3fzx",713,"52.csv","","null","resources/maskTrios/L1BB.jpg","null","",NA,NA,NA,NA,""
"image-keyboard-response",181,3244289,"0.0-3.56-2.56","bc9hr80gw4q3fzx",713,"52.csv","","null","resources/images/fishbone.png","null","",NA,NA,NA,NA,""
"image-keyboard-response",182,3245275,"0.0-3.57-0.57","bc9hr80gw4q3fzx",713,"52.csv","","984.3999999910593","resources/trios/L4T1A2.jpg","37","restless",0.6,0.4,0.5,0.556618082127843,"true"
"image-keyboard-response",183,3245681,"0.0-3.57-1.57","bc9hr80gw4q3fzx",713,"52.csv","","null","resources/maskTrios/L4BB.jpg","null","",NA,NA,NA,NA,""
"image-keyboard-response",184,3246887,"0.0-3.57-2.57","bc9hr80gw4q3fzx",713,"52.csv","","null","resources/images/coin2.png","null","",NA,NA,NA,NA,""
"image-keyboard-response",185,3249176,"0.0-3.58-0.58","bc9hr80gw4q3fzx",713,"52.csv","","2287","resources/trios/L1T4A2.jpg","38","restless",0.6,0.4,0.5,0.578482998389948,"false"
"image-keyboard-response",186,3249578,"0.0-3.58-1.58","bc9hr80gw4q3fzx",713,"52.csv","","null","resources/maskTrios/BT4B.jpg","null","",NA,NA,NA,NA,""
"image-keyboard-response",187,3250784,"0.0-3.58-2.58","bc9hr80gw4q3fzx",713,"52.csv","","null","resources/images/fishbone.png","null","",NA,NA,NA,NA,""
"image-keyboard-response",188,3251241,"0.0-3.59-0.59","bc9hr80gw4q3fzx",713,"52.csv","","455.70000000298023","resources/trios/L4T1A2.jpg","37","restless",0.6,0.5,0.5,0.915109354547237,"false"
"image-keyboard-response",189,3251646,"0.0-3.59-1.59","bc9hr80gw4q3fzx",713,"52.csv","","null","resources/maskTrios/L4BB.jpg","null","",NA,NA,NA,NA,""
"image-keyboard-response",190,3252850,"0.0-3.59-2.59","bc9hr80gw4q3fzx",713,"52.csv","","null","resources/images/fishbone.png","null","",NA,NA,NA,NA,""
"image-keyboard-response",191,3253033,"0.0-3.60-0.60","bc9hr80gw4q3fzx",713,"52.csv","","180.5","resources/trios/L4T1A1.jpg","37","restless",0.6,0.5,0.5,0.024467363951246,"true"
"image-keyboard-response",192,3253438,"0.0-3.60-1.60","bc9hr80gw4q3fzx",713,"52.csv","","null","resources/maskTrios/L4BB.jpg","null","",NA,NA,NA,NA,""
"image-keyboard-response",193,3254643,"0.0-3.60-2.60","bc9hr80gw4q3fzx",713,"52.csv","","null","resources/images/coin2.png","null","",NA,NA,NA,NA,""
"image-keyboard-response",194,3255986,"0.0-3.61-0.61","bc9hr80gw4q3fzx",713,"52.csv","","1341.7000000029802","resources/trios/L1T4A2.jpg","39","restless",0.6,0.5,0.5,0.696490255395891,"false"
"image-keyboard-response",195,3256391,"0.0-3.61-1.61","bc9hr80gw4q3fzx",713,"52.csv","","null","resources/maskTrios/BBA2.jpg","null","",NA,NA,NA,NA,""
"image-keyboard-response",196,3257593,"0.0-3.61-2.61","bc9hr80gw4q3fzx",713,"52.csv","","null","resources/images/fishbone.png","null","",NA,NA,NA,NA,""
"image-keyboard-response",197,3258309,"0.0-3.62-0.62","bc9hr80gw4q3fzx",713,"52.csv","","713.5999999940395","resources/trios/L4T4A2.jpg","37","restless",0.6,0.5,0.5,0.460035474506745,"true"
"image-keyboard-response",198,3258711,"0.0-3.62-1.62","bc9hr80gw4q3fzx",713,"52.csv","","null","resources/maskTrios/L4BB.jpg","null","",NA,NA,NA,NA,""
"image-keyboard-response",199,3259915,"0.0-3.62-2.62","bc9hr80gw4q3fzx",713,"52.csv","","null","resources/images/coin2.png","null","",NA,NA,NA,NA,""
"image-keyboard-response",200,3262284,"0.0-3.63-0.63","bc9hr80gw4q3fzx",713,"52.csv","","2367.4000000059605","resources/trios/L1T1A1.jpg","37","restless",0.6,0.5,0.5,0.137123012421974,"true"
"image-keyboard-response",201,3262689,"0.0-3.63-1.63","bc9hr80gw4q3fzx",713,"52.csv","","null","resources/maskTrios/L1BB.jpg","null","",NA,NA,NA,NA,""
"image-keyboard-response",202,3263894,"0.0-3.63-2.63","bc9hr80gw4q3fzx",713,"52.csv","","null","resources/images/coin2.png","null","",NA,NA,NA,NA,""
"image-keyboard-response",203,3265141,"0.0-3.64-0.64","bc9hr80gw4q3fzx",713,"52.csv","","1244.9000000059605","resources/trios/L1T1A2.jpg","38","restless",0.6,0.5,0.5,0.670447093913223,"false"
"image-keyboard-response",204,3265545,"0.0-3.64-1.64","bc9hr80gw4q3fzx",713,"52.csv","","null","resources/maskTrios/BT1B.jpg","null","",NA,NA,NA,NA,""
"image-keyboard-response",205,3266749,"0.0-3.64-2.64","bc9hr80gw4q3fzx",713,"52.csv","","null","resources/images/fishbone.png","null","",NA,NA,NA,NA,""
"image-keyboard-response",206,3267015,"0.0-3.65-0.65","bc9hr80gw4q3fzx",713,"52.csv","","264.69999998807907","resources/trios/L1T1A2.jpg","37","restless",0.5,0.5,0.4,0.756290344921781,"false"
"image-keyboard-response",207,3267421,"0.0-3.65-1.65","bc9hr80gw4q3fzx",713,"52.csv","","null","resources/maskTrios/L1BB.jpg","null","",NA,NA,NA,NA,""
"image-keyboard-response",208,3268625,"0.0-3.65-2.65","bc9hr80gw4q3fzx",713,"52.csv","","null","resources/images/fishbone.png","null","",NA,NA,NA,NA,""
"image-keyboard-response",209,3269074,"0.0-3.66-0.66","bc9hr80gw4q3fzx",713,"52.csv","","447.59999999403954","resources/trios/L1T4A1.jpg","37","restless",0.5,0.5,0.4,0.591859990635469,"false"
"image-keyboard-response",210,3269476,"0.0-3.66-1.66","bc9hr80gw4q3fzx",713,"52.csv","","null","resources/maskTrios/L1BB.jpg","null","",NA,NA,NA,NA,""
"image-keyboard-response",211,3270681,"0.0-3.66-2.66","bc9hr80gw4q3fzx",713,"52.csv","","null","resources/images/fishbone.png","null","",NA,NA,NA,NA,""
"image-keyboard-response",212,3272240,"0.0-3.67-0.67","bc9hr80gw4q3fzx",713,"52.csv","","1557.5","resources/trios/L1T1A2.jpg","39","restless",0.5,0.5,0.4,0.375316707552147,"true"
"image-keyboard-response",213,3272643,"0.0-3.67-1.67","bc9hr80gw4q3fzx",713,"52.csv","","null","resources/maskTrios/BBA2.jpg","null","",NA,NA,NA,NA,""
"image-keyboard-response",214,3273845,"0.0-3.67-2.67","bc9hr80gw4q3fzx",713,"52.csv","","null","resources/images/coin2.png","null","",NA,NA,NA,NA,""
"image-keyboard-response",215,3274161,"0.0-3.68-0.68","bc9hr80gw4q3fzx",713,"52.csv","","314.59999999403954","resources/trios/L4T4A2.jpg","38","restless",0.5,0.5,0.4,0.559691955818586,"false"
"image-keyboard-response",216,3274565,"0.0-3.68-1.68","bc9hr80gw4q3fzx",713,"52.csv","","null","resources/maskTrios/BT4B.jpg","null","",NA,NA,NA,NA,""
"image-keyboard-response",217,3275767,"0.0-3.68-2.68","bc9hr80gw4q3fzx",713,"52.csv","","null","resources/images/fishbone.png","null","",NA,NA,NA,NA,""
"image-keyboard-response",218,3276770,"0.0-3.69-0.69","bc9hr80gw4q3fzx",713,"52.csv","","1001.6000000089407","resources/trios/L1T1A1.jpg","37","restless",0.5,0.5,0.4,0.111147868759848,"true"
"image-keyboard-response",219,3277176,"0.0-3.69-1.69","bc9hr80gw4q3fzx",713,"52.csv","","null","resources/maskTrios/L1BB.jpg","null","",NA,NA,NA,NA,""
"image-keyboard-response",220,3278382,"0.0-3.69-2.69","bc9hr80gw4q3fzx",713,"52.csv","","null","resources/images/coin2.png","null","",NA,NA,NA,NA,""
"image-keyboard-response",221,3282489,"0.0-3.70-0.70","bc9hr80gw4q3fzx",713,"52.csv","","4105.300000011921","resources/trios/L1T1A1.jpg","39","restless",0.6,0.5,0.4,0.0482187790948305,"true"
"image-keyboard-response",222,3282895,"0.0-3.70-1.70","bc9hr80gw4q3fzx",713,"52.csv","","null","resources/maskTrios/BBA1.jpg","null","",NA,NA,NA,NA,""
"image-keyboard-response",223,3284103,"0.0-3.70-2.70","bc9hr80gw4q3fzx",713,"52.csv","","null","resources/images/coin2.png","null","",NA,NA,NA,NA,""
"image-keyboard-response",224,3288576,"0.0-3.71-0.71","bc9hr80gw4q3fzx",713,"52.csv","","4471.4000000059605","resources/trios/L1T4A1.jpg","38","restless",0.6,0.4,0.4,0.515287479094151,"false"
"image-keyboard-response",225,3288981,"0.0-3.71-1.71","bc9hr80gw4q3fzx",713,"52.csv","","null","resources/maskTrios/BT4B.jpg","null","",NA,NA,NA,NA,""
"image-keyboard-response",226,3290183,"0.0-3.71-2.71","bc9hr80gw4q3fzx",713,"52.csv","","null","resources/images/fishbone.png","null","",NA,NA,NA,NA,""
"image-keyboard-response",227,3290724,"0.0-3.72-0.72","bc9hr80gw4q3fzx",713,"52.csv","","539.0999999940395","resources/trios/L4T4A2.jpg","37","restless",0.6,0.4,0.4,0.99950194147279,"false"
"image-keyboard-response",228,3291129,"0.0-3.72-1.72","bc9hr80gw4q3fzx",713,"52.csv","","null","resources/maskTrios/L4BB.jpg","null","",NA,NA,NA,NA,""
"image-keyboard-response",229,3292335,"0.0-3.72-2.72","bc9hr80gw4q3fzx",713,"52.csv","","null","resources/images/fishbone.png","null","",NA,NA,NA,NA,""
"image-keyboard-response",230,3292578,"0.0-3.73-0.73","bc9hr80gw4q3fzx",713,"52.csv","","241.20000000298023","resources/trios/L4T4A2.jpg","37","restless",0.6,0.4,0.4,0.16599670491123,"true"
"image-keyboard-response",231,3292980,"0.0-3.73-1.73","bc9hr80gw4q3fzx",713,"52.csv","","null","resources/maskTrios/L4BB.jpg","null","",NA,NA,NA,NA,""
"image-keyboard-response",232,3294183,"0.0-3.73-2.73","bc9hr80gw4q3fzx",713,"52.csv","","null","resources/images/coin2.png","null","",NA,NA,NA,NA,""
"image-keyboard-response",233,3294558,"0.0-3.74-0.74","bc9hr80gw4q3fzx",713,"52.csv","","373.6000000089407","resources/trios/L1T1A2.jpg","39","restless",0.6,0.4,0.4,0.607768290003442,"false"
"image-keyboard-response",234,3294964,"0.0-3.74-1.74","bc9hr80gw4q3fzx",713,"52.csv","","null","resources/maskTrios/BBA2.jpg","null","",NA,NA,NA,NA,""
"image-keyboard-response",235,3296169,"0.0-3.74-2.74","bc9hr80gw4q3fzx",713,"52.csv","","null","resources/images/fishbone.png","null","",NA,NA,NA,NA,""
"image-keyboard-response",236,3296391,"0.0-3.75-0.75","bc9hr80gw4q3fzx",713,"52.csv","","220.5","resources/trios/L1T4A1.jpg","38","restless",0.6,0.4,0.4,0.072665419377969,"true"
"image-keyboard-response",237,3296797,"0.0-3.75-1.75","bc9hr80gw4q3fzx",713,"52.csv","","null","resources/maskTrios/BT4B.jpg","null","",NA,NA,NA,NA,""
"image-keyboard-response",238,3298001,"0.0-3.75-2.75","bc9hr80gw4q3fzx",713,"52.csv","","null","resources/images/coin2.png","null","",NA,NA,NA,NA,""
"image-keyboard-response",239,3299174,"0.0-3.76-0.76","bc9hr80gw4q3fzx",713,"52.csv","","1170.6000000089407","resources/trios/L4T1A2.jpg","37","restless",0.6,0.5,0.4,0.663768577017849,"false"
"image-keyboard-response",240,3299576,"0.0-3.76-1.76","bc9hr80gw4q3fzx",713,"52.csv","","null","resources/maskTrios/L4BB.jpg","null","",NA,NA,NA,NA,""
"image-keyboard-response",241,3300782,"0.0-3.76-2.76","bc9hr80gw4q3fzx",713,"52.csv","","null","resources/images/fishbone.png","null","",NA,NA,NA,NA,""
"image-keyboard-response",242,3301008,"0.0-3.77-0.77","bc9hr80gw4q3fzx",713,"52.csv","","224.69999998807907","resources/trios/L1T1A1.jpg","37","restless",0.6,0.5,0.4,0.595096618905909,"true"
"image-keyboard-response",243,3301413,"0.0-3.77-1.77","bc9hr80gw4q3fzx",713,"52.csv","","null","resources/maskTrios/L1BB.jpg","null","",NA,NA,NA,NA,""
"image-keyboard-response",244,3302618,"0.0-3.77-2.77","bc9hr80gw4q3fzx",713,"52.csv","","null","resources/images/coin2.png","null","",NA,NA,NA,NA,""
"image-keyboard-response",245,3303030,"0.0-3.78-0.78","bc9hr80gw4q3fzx",713,"52.csv","","409.70000000298023","resources/trios/L1T1A2.jpg","38","restless",0.6,0.5,0.4,0.232576369937053,"true"
"image-keyboard-response",246,3303435,"0.0-3.78-1.78","bc9hr80gw4q3fzx",713,"52.csv","","null","resources/maskTrios/BT1B.jpg","null","",NA,NA,NA,NA,""
"image-keyboard-response",247,3304638,"0.0-3.78-2.78","bc9hr80gw4q3fzx",713,"52.csv","","null","resources/images/coin2.png","null","",NA,NA,NA,NA,""
"image-keyboard-response",248,3304865,"0.0-3.79-0.79","bc9hr80gw4q3fzx",713,"52.csv","","226","resources/trios/L4T1A1.jpg","39","restless",0.6,0.5,0.4,0.823444261072463,"false"
"image-keyboard-response",249,3305267,"0.0-3.79-1.79","bc9hr80gw4q3fzx",713,"52.csv","","null","resources/maskTrios/BBA1.jpg","null","",NA,NA,NA,NA,""
"image-keyboard-response",250,3306473,"0.0-3.79-2.79","bc9hr80gw4q3fzx",713,"52.csv","","null","resources/images/fishbone.png","null","",NA,NA,NA,NA,""
"image-keyboard-response",251,3306683,"0.0-3.80-0.80","bc9hr80gw4q3fzx",713,"52.csv","","208.8999999910593","resources/trios/L4T1A2.jpg","37","restless",0.6,0.5,0.5,0.0278323978353958,"true"
"image-keyboard-response",252,3307086,"0.0-3.80-1.80","bc9hr80gw4q3fzx",713,"52.csv","","null","resources/maskTrios/L4BB.jpg","null","",NA,NA,NA,NA,""
"image-keyboard-response",253,3308293,"0.0-3.80-2.80","bc9hr80gw4q3fzx",713,"52.csv","","null","resources/images/coin2.png","null","",NA,NA,NA,NA,""
"image-keyboard-response",254,3308508,"0.0-3.81-0.81","bc9hr80gw4q3fzx",713,"52.csv","","212.70000000298023","resources/trios/L4T1A1.jpg","38","restless",0.6,0.5,0.5,0.29955753034078,"true"
"image-keyboard-response",255,3308913,"0.0-3.81-1.81","bc9hr80gw4q3fzx",713,"52.csv","","null","resources/maskTrios/BT1B.jpg","null","",NA,NA,NA,NA,""
"image-keyboard-response",256,3310117,"0.0-3.81-2.81","bc9hr80gw4q3fzx",713,"52.csv","","null","resources/images/coin2.png","null","",NA,NA,NA,NA,""
"image-keyboard-response",257,3310894,"0.0-3.82-0.82","bc9hr80gw4q3fzx",713,"52.csv","","775.1000000089407","resources/trios/L1T1A1.jpg","39","restless",0.6,0.5,0.5,0.687693429249286,"false"
"image-keyboard-response",258,3311297,"0.0-3.82-1.82","bc9hr80gw4q3fzx",713,"52.csv","","null","resources/maskTrios/BBA1.jpg","null","",NA,NA,NA,NA,""
"image-keyboard-response",259,3312499,"0.0-3.82-2.82","bc9hr80gw4q3fzx",713,"52.csv","","null","resources/images/fishbone.png","null","",NA,NA,NA,NA,""
"image-keyboard-response",260,3312731,"0.0-3.83-0.83","bc9hr80gw4q3fzx",713,"52.csv","","230.09999999403954","resources/trios/L4T1A1.jpg","37","restless",0.6,0.5,0.5,0.911668506737967,"false"
"image-keyboard-response",261,3313135,"0.0-3.83-1.83","bc9hr80gw4q3fzx",713,"52.csv","","null","resources/maskTrios/L4BB.jpg","null","",NA,NA,NA,NA,""
"image-keyboard-response",262,3314341,"0.0-3.83-2.83","bc9hr80gw4q3fzx",713,"52.csv","","null","resources/images/fishbone.png","null","",NA,NA,NA,NA,""
"image-keyboard-response",263,3314560,"0.0-3.84-0.84","bc9hr80gw4q3fzx",713,"52.csv","","218.1000000089407","resources/trios/L4T4A2.jpg","39","restless",0.6,0.5,0.5,0.762790350521775,"false"
"image-keyboard-response",264,3314965,"0.0-3.84-1.84","bc9hr80gw4q3fzx",713,"52.csv","","null","resources/maskTrios/BBA2.jpg","null","",NA,NA,NA,NA,""
"image-keyboard-response",265,3316171,"0.0-3.84-2.84","bc9hr80gw4q3fzx",713,"52.csv","","null","resources/images/fishbone.png","null","",NA,NA,NA,NA,""
"image-keyboard-response",266,3316255,"0.0-3.85-0.85","bc9hr80gw4q3fzx",713,"52.csv","","82.79999999701977","resources/trios/L1T1A1.jpg","39","restless",0.6,0.5,0.6,0.528996609844294,"true"
"image-keyboard-response",267,3316659,"0.0-3.85-1.85","bc9hr80gw4q3fzx",713,"52.csv","","null","resources/maskTrios/BBA1.jpg","null","",NA,NA,NA,NA,""
"image-keyboard-response",268,3317866,"0.0-3.85-2.85","bc9hr80gw4q3fzx",713,"52.csv","","null","resources/images/coin2.png","null","",NA,NA,NA,NA,""
"image-keyboard-response",269,3329667,"0.0-3.86-0.86","bc9hr80gw4q3fzx",713,"52.csv","","11798.59999999404","resources/trios/L1T1A2.jpg","39","restless",0.6,0.4,0.6,0.963108322565509,"false"
"image-keyboard-response",270,3330074,"0.0-3.86-1.86","bc9hr80gw4q3fzx",713,"52.csv","","null","resources/maskTrios/BBA2.jpg","null","",NA,NA,NA,NA,""
"image-keyboard-response",271,3331279,"0.0-3.86-2.86","bc9hr80gw4q3fzx",713,"52.csv","","null","resources/images/fishbone.png","null","",NA,NA,NA,NA,""
"image-keyboard-response",272,3332141,"0.0-3.87-0.87","bc9hr80gw4q3fzx",713,"52.csv","","859.7999999970198","resources/trios/L1T1A1.jpg","39","restless",0.7,0.4,0.6,0.996108349783873,"false"
"image-keyboard-response",273,3332543,"0.0-3.87-1.87","bc9hr80gw4q3fzx",713,"52.csv","","null","resources/maskTrios/BBA1.jpg","null","",NA,NA,NA,NA,""
"image-keyboard-response",274,3333746,"0.0-3.87-2.87","bc9hr80gw4q3fzx",713,"52.csv","","null","resources/images/fishbone.png","null","",NA,NA,NA,NA,""
"image-keyboard-response",275,3334218,"0.0-3.88-0.88","bc9hr80gw4q3fzx",713,"52.csv","","470.5","resources/trios/L1T1A1.jpg","39","restless",0.7,0.4,0.6,0.417186015946783,"true"
"image-keyboard-response",276,3334624,"0.0-3.88-1.88","bc9hr80gw4q3fzx",713,"52.csv","","null","resources/maskTrios/BBA1.jpg","null","",NA,NA,NA,NA,""
"image-keyboard-response",277,3335829,"0.0-3.88-2.88","bc9hr80gw4q3fzx",713,"52.csv","","null","resources/images/coin2.png","null","",NA,NA,NA,NA,""
"image-keyboard-response",278,3336546,"0.0-3.89-0.89","bc9hr80gw4q3fzx",713,"52.csv","","715.5999999940395","resources/trios/L4T1A1.jpg","39","restless",0.7,0.4,0.6,0.233748754271341,"true"
"image-keyboard-response",279,3336949,"0.0-3.89-1.89","bc9hr80gw4q3fzx",713,"52.csv","","null","resources/maskTrios/BBA1.jpg","null","",NA,NA,NA,NA,""
"image-keyboard-response",280,3338153,"0.0-3.89-2.89","bc9hr80gw4q3fzx",713,"52.csv","","null","resources/images/coin2.png","null","",NA,NA,NA,NA,""
"image-keyboard-response",281,3405806,"0.0-3.90-0.90","bc9hr80gw4q3fzx",713,"52.csv","","67650.39999999106","resources/trios/L1T4A2.jpg","37","restless",0.7,0.4,0.6,0.295400308443618,"true"
"image-keyboard-response",282,3406214,"0.0-3.90-1.90","bc9hr80gw4q3fzx",713,"52.csv","","null","resources/maskTrios/L1BB.jpg","null","",NA,NA,NA,NA,""
"image-keyboard-response",283,3407416,"0.0-3.90-2.90","bc9hr80gw4q3fzx",713,"52.csv","","null","resources/images/coin2.png","null","",NA,NA,NA,NA,""
"image-keyboard-response",284,3419098,"0.0-3.91-0.91","bc9hr80gw4q3fzx",713,"52.csv","","11680.29999999702","resources/trios/L1T4A2.jpg","37","restless",0.7,0.4,0.6,0.776559301809749,"false"
"image-keyboard-response",285,3419504,"0.0-3.91-1.91","bc9hr80gw4q3fzx",713,"52.csv","","null","resources/maskTrios/L1BB.jpg","null","",NA,NA,NA,NA,""
"image-keyboard-response",286,3420709,"0.0-3.91-2.91","bc9hr80gw4q3fzx",713,"52.csv","","null","resources/images/fishbone.png","null","",NA,NA,NA,NA,""
"image-keyboard-response",287,3424263,"0.0-3.92-0.92","bc9hr80gw4q3fzx",713,"52.csv","","3552.5999999940395","resources/trios/L4T4A2.jpg","37","restless",0.7,0.4,0.6,0.335191259097546,"true"
"image-keyboard-response",288,3424668,"0.0-3.92-1.92","bc9hr80gw4q3fzx",713,"52.csv","","null","resources/maskTrios/L4BB.jpg","null","",NA,NA,NA,NA,""
"image-keyboard-response",289,3425872,"0.0-3.92-2.92","bc9hr80gw4q3fzx",713,"52.csv","","null","resources/images/coin2.png","null","",NA,NA,NA,NA,""
"image-keyboard-response",290,3445187,"0.0-3.93-0.93","bc9hr80gw4q3fzx",713,"52.csv","","19313.10000000894","resources/trios/L4T1A1.jpg","39","restless",0.7,0.4,0.6,0.230405398928705,"true"
"image-keyboard-response",291,3445594,"0.0-3.93-1.93","bc9hr80gw4q3fzx",713,"52.csv","","null","resources/maskTrios/BBA1.jpg","null","",NA,NA,NA,NA,""
"image-keyboard-response",292,3446800,"0.0-3.93-2.93","bc9hr80gw4q3fzx",713,"52.csv","","null","resources/images/coin2.png","null","",NA,NA,NA,NA,""
"image-keyboard-response",293,3450919,"0.0-3.94-0.94","bc9hr80gw4q3fzx",713,"52.csv","","4117.399999991059","resources/trios/L4T1A2.jpg","38","restless",0.7,0.4,0.6,0.334584802059362,"true"
"image-keyboard-response",294,3451324,"0.0-3.94-1.94","bc9hr80gw4q3fzx",713,"52.csv","","null","resources/maskTrios/BT1B.jpg","null","",NA,NA,NA,NA,""
"image-keyboard-response",295,3452530,"0.0-3.94-2.94","bc9hr80gw4q3fzx",713,"52.csv","","null","resources/images/coin2.png","null","",NA,NA,NA,NA,""
"image-keyboard-response",296,3455314,"0.0-3.95-0.95","bc9hr80gw4q3fzx",713,"52.csv","","2781.5999999940395","resources/trios/L4T4A2.jpg","37","restless",0.8,0.4,0.6,0.0915182532994077,"true"
"image-keyboard-response",297,3455716,"0.0-3.95-1.95","bc9hr80gw4q3fzx",713,"52.csv","","null","resources/maskTrios/L4BB.jpg","null","",NA,NA,NA,NA,""
"image-keyboard-response",298,3456922,"0.0-3.95-2.95","bc9hr80gw4q3fzx",713,"52.csv","","null","resources/images/coin2.png","null","",NA,NA,NA,NA,""
"image-keyboard-response",299,3461663,"0.0-3.96-0.96","bc9hr80gw4q3fzx",713,"52.csv","","4739.4000000059605","resources/trios/L4T1A2.jpg","38","restless",0.8,0.4,0.6,0.889672069979296,"false"
"image-keyboard-response",300,3462068,"0.0-3.96-1.96","bc9hr80gw4q3fzx",713,"52.csv","","null","resources/maskTrios/BT1B.jpg","null","",NA,NA,NA,NA,""
"image-keyboard-response",301,3463271,"0.0-3.96-2.96","bc9hr80gw4q3fzx",713,"52.csv","","null","resources/images/fishbone.png","null","",NA,NA,NA,NA,""
"image-keyboard-response",302,3464511,"0.0-3.97-0.97","bc9hr80gw4q3fzx",713,"52.csv","","1238.199999988079","resources/trios/L4T4A1.jpg","39","restless",0.8,0.4,0.6,0.332540636741343,"true"
"image-keyboard-response",303,3464915,"0.0-3.97-1.97","bc9hr80gw4q3fzx",713,"52.csv","","null","resources/maskTrios/BBA1.jpg","null","",NA,NA,NA,NA,""
"image-keyboard-response",304,3466118,"0.0-3.97-2.97","bc9hr80gw4q3fzx",713,"52.csv","","null","resources/images/coin2.png","null","",NA,NA,NA,NA,""
"image-keyboard-response",305,3468325,"0.0-3.98-0.98","bc9hr80gw4q3fzx",713,"52.csv","","2205","resources/trios/L4T4A2.jpg","37","restless",0.8,0.4,0.6,0.820126784336219,"false"
"image-keyboard-response",306,3468730,"0.0-3.98-1.98","bc9hr80gw4q3fzx",713,"52.csv","","null","resources/maskTrios/L4BB.jpg","null","",NA,NA,NA,NA,""
"image-keyboard-response",307,3469935,"0.0-3.98-2.98","bc9hr80gw4q3fzx",713,"52.csv","","null","resources/images/fishbone.png","null","",NA,NA,NA,NA,""
"image-keyboard-response",308,3472704,"0.0-3.99-0.99","bc9hr80gw4q3fzx",713,"52.csv","","2767.5999999940395","resources/trios/L1T4A2.jpg","37","restless",0.8,0.4,0.6,0.755904794537987,"true"
"image-keyboard-response",309,3473109,"0.0-3.99-1.99","bc9hr80gw4q3fzx",713,"52.csv","","null","resources/maskTrios/L1BB.jpg","null","",NA,NA,NA,NA,""
"image-keyboard-response",310,3474314,"0.0-3.99-2.99","bc9hr80gw4q3fzx",713,"52.csv","","null","resources/images/coin2.png","null","",NA,NA,NA,NA,""
"image-keyboard-response",311,3478061,"0.0-3.100-0.100","bc9hr80gw4q3fzx",713,"52.csv","","3744.5","resources/trios/L1T4A2.jpg","38","restless",0.8,0.3,0.6,0.612665328052086,"false"
"image-keyboard-response",312,3478466,"0.0-3.100-1.100","bc9hr80gw4q3fzx",713,"52.csv","","null","resources/maskTrios/BT4B.jpg","null","",NA,NA,NA,NA,""
"image-keyboard-response",313,3479672,"0.0-3.100-2.100","bc9hr80gw4q3fzx",713,"52.csv","","null","resources/images/fishbone.png","null","",NA,NA,NA,NA,""
"image-keyboard-response",314,3480808,"0.0-3.101-0.101","bc9hr80gw4q3fzx",713,"52.csv","","1134.7000000029802","resources/trios/L4T1A1.jpg","39","restless",0.8,0.3,0.6,0.834639156209619,"false"
"image-keyboard-response",315,3481212,"0.0-3.101-1.101","bc9hr80gw4q3fzx",713,"52.csv","","null","resources/maskTrios/BBA1.jpg","null","",NA,NA,NA,NA,""
"image-keyboard-response",316,3482418,"0.0-3.101-2.101","bc9hr80gw4q3fzx",713,"52.csv","","null","resources/images/fishbone.png","null","",NA,NA,NA,NA,""
"image-keyboard-response",317,3483636,"0.0-3.102-0.102","bc9hr80gw4q3fzx",713,"52.csv","","1216.2999999970198","resources/trios/L4T1A2.jpg","37","restless",0.8,0.2,0.6,0.928360101322036,"false"
"image-keyboard-response",318,3484042,"0.0-3.102-1.102","bc9hr80gw4q3fzx",713,"52.csv","","null","resources/maskTrios/L4BB.jpg","null","",NA,NA,NA,NA,""
"image-keyboard-response",319,3485245,"0.0-3.102-2.102","bc9hr80gw4q3fzx",713,"52.csv","","null","resources/images/fishbone.png","null","",NA,NA,NA,NA,""
"image-keyboard-response",320,3486564,"0.0-3.103-0.103","bc9hr80gw4q3fzx",713,"52.csv","","1317.4000000059605","resources/trios/L4T1A2.jpg","38","restless",0.8,0.2,0.6,0.228712930397226,"false"
"image-keyboard-response",321,3486967,"0.0-3.103-1.103","bc9hr80gw4q3fzx",713,"52.csv","","null","resources/maskTrios/BT1B.jpg","null","",NA,NA,NA,NA,""
"image-keyboard-response",322,3488172,"0.0-3.103-2.103","bc9hr80gw4q3fzx",713,"52.csv","","null","resources/images/fishbone.png","null","",NA,NA,NA,NA,""
"image-keyboard-response",323,3488802,"0.0-3.104-0.104","bc9hr80gw4q3fzx",713,"52.csv","","627.6000000089407","resources/trios/L4T4A2.jpg","37","restless",0.8,0.2,0.6,0.908335370531685,"false"
"image-keyboard-response",324,3489208,"0.0-3.104-1.104","bc9hr80gw4q3fzx",713,"52.csv","","null","resources/maskTrios/L4BB.jpg","null","",NA,NA,NA,NA,""
"image-keyboard-response",325,3490413,"0.0-3.104-2.104","bc9hr80gw4q3fzx",713,"52.csv","","null","resources/images/fishbone.png","null","",NA,NA,NA,NA,""
"image-keyboard-response",326,3490861,"0.0-3.105-0.105","bc9hr80gw4q3fzx",713,"52.csv","","446.3999999910593","resources/trios/L1T4A2.jpg","37","restless",0.8,0.2,0.6,0.0894844469284644,"true"
"image-keyboard-response",327,3491267,"0.0-3.105-1.105","bc9hr80gw4q3fzx",713,"52.csv","","null","resources/maskTrios/L1BB.jpg","null","",NA,NA,NA,NA,""
"image-keyboard-response",328,3492472,"0.0-3.105-2.105","bc9hr80gw4q3fzx",713,"52.csv","","null","resources/images/coin2.png","null","",NA,NA,NA,NA,""
"image-keyboard-response",329,3493074,"0.0-3.106-0.106","bc9hr80gw4q3fzx",713,"52.csv","","600.4000000059605","resources/trios/L1T1A1.jpg","39","restless",0.8,0.2,0.6,0.263488556163922,"true"
"image-keyboard-response",330,3493478,"0.0-3.106-1.106","bc9hr80gw4q3fzx",713,"52.csv","","null","resources/maskTrios/BBA1.jpg","null","",NA,NA,NA,NA,""
"image-keyboard-response",331,3494682,"0.0-3.106-2.106","bc9hr80gw4q3fzx",713,"52.csv","","null","resources/images/coin2.png","null","",NA,NA,NA,NA,""
"image-keyboard-response",332,3498416,"0.0-3.107-0.107","bc9hr80gw4q3fzx",713,"52.csv","","3732","resources/trios/L4T4A1.jpg","39","restless",0.8,0.2,0.6,0.891473418284884,"false"
"image-keyboard-response",333,3498822,"0.0-3.107-1.107","bc9hr80gw4q3fzx",713,"52.csv","","null","resources/maskTrios/BBA1.jpg","null","",NA,NA,NA,NA,""
"image-keyboard-response",334,3500027,"0.0-3.107-2.107","bc9hr80gw4q3fzx",713,"52.csv","","null","resources/images/fishbone.png","null","",NA,NA,NA,NA,""
"image-keyboard-response",335,3500783,"0.0-3.108-0.108","bc9hr80gw4q3fzx",713,"52.csv","","753.7999999970198","resources/trios/L1T1A2.jpg","39","restless",0.9,0.2,0.6,0.958869738902425,"false"
"image-keyboard-response",336,3501185,"0.0-3.108-1.108","bc9hr80gw4q3fzx",713,"52.csv","","null","resources/maskTrios/BBA2.jpg","null","",NA,NA,NA,NA,""
"image-keyboard-response",337,3502390,"0.0-3.108-2.108","bc9hr80gw4q3fzx",713,"52.csv","","null","resources/images/fishbone.png","null","",NA,NA,NA,NA,""
"image-keyboard-response",338,3506414,"0.0-3.109-0.109","bc9hr80gw4q3fzx",713,"52.csv","","4021.5","resources/trios/L4T4A2.jpg","37","restless",0.9,0.3,0.6,0.615388858310743,"true"
"image-keyboard-response",339,3506817,"0.0-3.109-1.109","bc9hr80gw4q3fzx",713,"52.csv","","null","resources/maskTrios/L4BB.jpg","null","",NA,NA,NA,NA,""
"image-keyboard-response",340,3508024,"0.0-3.109-2.109","bc9hr80gw4q3fzx",713,"52.csv","","null","resources/images/coin2.png","null","",NA,NA,NA,NA,""
"image-keyboard-response",341,3509683,"0.0-3.110-0.110","bc9hr80gw4q3fzx",713,"52.csv","","1657.4000000059605","resources/trios/L4T4A2.jpg","37","restless",0.9,0.3,0.6,0.998457662077069,"false"
"image-keyboard-response",342,3510088,"0.0-3.110-1.110","bc9hr80gw4q3fzx",713,"52.csv","","null","resources/maskTrios/L4BB.jpg","null","",NA,NA,NA,NA,""
"image-keyboard-response",343,3511295,"0.0-3.110-2.110","bc9hr80gw4q3fzx",713,"52.csv","","null","resources/images/fishbone.png","null","",NA,NA,NA,NA,""
"image-keyboard-response",344,3512588,"0.0-3.111-0.111","bc9hr80gw4q3fzx",713,"52.csv","","1291.7999999970198","resources/trios/L1T1A2.jpg","37","restless",0.9,0.4,0.6,0.253913747342813,"true"
"image-keyboard-response",345,3512992,"0.0-3.111-1.111","bc9hr80gw4q3fzx",713,"52.csv","","null","resources/maskTrios/L1BB.jpg","null","",NA,NA,NA,NA,""
"image-keyboard-response",346,3514197,"0.0-3.111-2.111","bc9hr80gw4q3fzx",713,"52.csv","","null","resources/images/coin2.png","null","",NA,NA,NA,NA,""
"image-keyboard-response",347,3515239,"0.0-3.112-0.112","bc9hr80gw4q3fzx",713,"52.csv","","1040.9000000059605","resources/trios/L1T1A1.jpg","39","restless",0.9,0.5,0.7,0.975557183252214,"false"
"image-keyboard-response",348,3515644,"0.0-3.112-1.112","bc9hr80gw4q3fzx",713,"52.csv","","null","resources/maskTrios/BBA1.jpg","null","",NA,NA,NA,NA,""
"image-keyboard-response",349,3516849,"0.0-3.112-2.112","bc9hr80gw4q3fzx",713,"52.csv","","null","resources/images/fishbone.png","null","",NA,NA,NA,NA,""
"image-keyboard-response",350,3517164,"0.0-3.113-0.113","bc9hr80gw4q3fzx",713,"52.csv","","313","resources/trios/L1T1A2.jpg","38","restless",0.9,0.5,0.8,0.284674631734033,"true"
"image-keyboard-response",351,3517569,"0.0-3.113-1.113","bc9hr80gw4q3fzx",713,"52.csv","","null","resources/maskTrios/BT1B.jpg","null","",NA,NA,NA,NA,""
"image-keyboard-response",352,3518775,"0.0-3.113-2.113","bc9hr80gw4q3fzx",713,"52.csv","","null","resources/images/coin2.png","null","",NA,NA,NA,NA,""
"image-keyboard-response",353,3521350,"0.0-3.114-0.114","bc9hr80gw4q3fzx",713,"52.csv","","2572.8999999910593","resources/trios/L4T4A2.jpg","37","restless",0.9,0.5,0.7,0.156994928812809,"true"
"image-keyboard-response",354,3521754,"0.0-3.114-1.114","bc9hr80gw4q3fzx",713,"52.csv","","null","resources/maskTrios/L4BB.jpg","null","",NA,NA,NA,NA,""
"image-keyboard-response",355,3522960,"0.0-3.114-2.114","bc9hr80gw4q3fzx",713,"52.csv","","null","resources/images/coin2.png","null","",NA,NA,NA,NA,""
"image-keyboard-response",356,3523445,"0.0-3.115-0.115","bc9hr80gw4q3fzx",713,"52.csv","","482.79999999701977","resources/trios/L4T4A1.jpg","38","restless",0.9,0.5,0.7,0.185418093648999,"true"
"image-keyboard-response",357,3523847,"0.0-3.115-1.115","bc9hr80gw4q3fzx",713,"52.csv","","null","resources/maskTrios/BT4B.jpg","null","",NA,NA,NA,NA,""
"image-keyboard-response",358,3525049,"0.0-3.115-2.115","bc9hr80gw4q3fzx",713,"52.csv","","null","resources/images/coin2.png","null","",NA,NA,NA,NA,""
"image-keyboard-response",359,3525289,"0.0-3.116-0.116","bc9hr80gw4q3fzx",713,"52.csv","","238.70000000298023","resources/trios/L1T1A1.jpg","39","restless",0.9,0.5,0.8,0.304146374147401,"true"
"image-keyboard-response",360,3525693,"0.0-3.116-1.116","bc9hr80gw4q3fzx",713,"52.csv","","null","resources/maskTrios/BBA1.jpg","null","",NA,NA,NA,NA,""
"image-keyboard-response",361,3526895,"0.0-3.116-2.116","bc9hr80gw4q3fzx",713,"52.csv","","null","resources/images/coin2.png","null","",NA,NA,NA,NA,""
"image-keyboard-response",362,3527942,"0.0-3.117-0.117","bc9hr80gw4q3fzx",713,"52.csv","","1044.9000000059605","resources/trios/L4T4A1.jpg","37","restless",0.9,0.5,0.9,0.506994185661183,"true"
"image-keyboard-response",363,3528347,"0.0-3.117-1.117","bc9hr80gw4q3fzx",713,"52.csv","","null","resources/maskTrios/L4BB.jpg","null","",NA,NA,NA,NA,""
"image-keyboard-response",364,3529553,"0.0-3.117-2.117","bc9hr80gw4q3fzx",713,"52.csv","","null","resources/images/coin2.png","null","",NA,NA,NA,NA,""
"image-keyboard-response",365,3529806,"0.0-3.118-0.118","bc9hr80gw4q3fzx",713,"52.csv","","251.20000000298023","resources/trios/L4T4A1.jpg","38","restless",0.9,0.5,0.9,0.984911772054977,"false"
"image-keyboard-response",366,3530212,"0.0-3.118-1.118","bc9hr80gw4q3fzx",713,"52.csv","","null","resources/maskTrios/BT4B.jpg","null","",NA,NA,NA,NA,""
"image-keyboard-response",367,3531416,"0.0-3.118-2.118","bc9hr80gw4q3fzx",713,"52.csv","","null","resources/images/fishbone.png","null","",NA,NA,NA,NA,""
"image-keyboard-response",368,3531823,"0.0-3.119-0.119","bc9hr80gw4q3fzx",713,"52.csv","","405","resources/trios/L4T4A2.jpg","39","restless",0.9,0.5,0.9,0.371638439269236,"true"
"image-keyboard-response",369,3532229,"0.0-3.119-1.119","bc9hr80gw4q3fzx",713,"52.csv","","null","resources/maskTrios/BBA2.jpg","null","",NA,NA,NA,NA,""
"image-keyboard-response",370,3533433,"0.0-3.119-2.119","bc9hr80gw4q3fzx",713,"52.csv","","null","resources/images/coin2.png","null","",NA,NA,NA,NA,""
"image-keyboard-response",371,3534216,"0.0-3.120-0.120","bc9hr80gw4q3fzx",713,"52.csv","","781.6000000089407","resources/trios/L4T4A1.jpg","37","restless",0.9,0.5,0.9,0.34855469558262,"true"
"image-keyboard-response",372,3534621,"0.0-3.120-1.120","bc9hr80gw4q3fzx",713,"52.csv","","null","resources/maskTrios/L4BB.jpg","null","",NA,NA,NA,NA,""
"image-keyboard-response",373,3535828,"0.0-3.120-2.120","bc9hr80gw4q3fzx",713,"52.csv","","null","resources/images/coin2.png","null","",NA,NA,NA,NA,""
"image-keyboard-response",374,3536002,"0.0-3.121-0.121","bc9hr80gw4q3fzx",713,"52.csv","","171.59999999403954","resources/trios/L4T4A2.jpg","38","restless",0.9,0.5,0.9,0.686397723232616,"false"
"image-keyboard-response",375,3536405,"0.0-3.121-1.121","bc9hr80gw4q3fzx",713,"52.csv","","null","resources/maskTrios/BT4B.jpg","null","",NA,NA,NA,NA,""
"image-keyboard-response",376,3537609,"0.0-3.121-2.121","bc9hr80gw4q3fzx",713,"52.csv","","null","resources/images/fishbone.png","null","",NA,NA,NA,NA,""
"image-keyboard-response",377,3537985,"0.0-3.122-0.122","bc9hr80gw4q3fzx",713,"52.csv","","373.6000000089407","resources/trios/L1T1A1.jpg","37","restless",0.9,0.5,0.9,0.406557649149327,"true"
"image-keyboard-response",378,3538391,"0.0-3.122-1.122","bc9hr80gw4q3fzx",713,"52.csv","","null","resources/maskTrios/L1BB.jpg","null","",NA,NA,NA,NA,""
"image-keyboard-response",379,3539596,"0.0-3.122-2.122","bc9hr80gw4q3fzx",713,"52.csv","","null","resources/images/coin2.png","null","",NA,NA,NA,NA,""
"image-keyboard-response",380,3539857,"0.0-3.123-0.123","bc9hr80gw4q3fzx",713,"52.csv","","258.79999999701977","resources/trios/L4T1A2.jpg","39","restless",0.9,0.5,0.9,0.319187511248979,"true"
"image-keyboard-response",381,3540261,"0.0-3.123-1.123","bc9hr80gw4q3fzx",713,"52.csv","","null","resources/maskTrios/BBA2.jpg","null","",NA,NA,NA,NA,""
"image-keyboard-response",382,3541464,"0.0-3.123-2.123","bc9hr80gw4q3fzx",713,"52.csv","","null","resources/images/coin2.png","null","",NA,NA,NA,NA,""
"image-keyboard-response",383,3541699,"0.0-3.124-0.124","bc9hr80gw4q3fzx",713,"52.csv","","233.09999999403954","resources/trios/L1T1A2.jpg","38","restless",0.9,0.5,0.9,0.497126753982731,"true"
"image-keyboard-response",384,3542100,"0.0-3.124-1.124","bc9hr80gw4q3fzx",713,"52.csv","","null","resources/maskTrios/BT1B.jpg","null","",NA,NA,NA,NA,""
"image-keyboard-response",385,3543305,"0.0-3.124-2.124","bc9hr80gw4q3fzx",713,"52.csv","","null","resources/images/coin2.png","null","",NA,NA,NA,NA,""
"image-keyboard-response",386,3543573,"0.0-3.125-0.125","bc9hr80gw4q3fzx",713,"52.csv","","265.5","resources/trios/L1T4A2.jpg","37","restless",0.9,0.5,0.9,0.996403883109698,"false"
"image-keyboard-response",387,3543979,"0.0-3.125-1.125","bc9hr80gw4q3fzx",713,"52.csv","","null","resources/maskTrios/L1BB.jpg","null","",NA,NA,NA,NA,""
"image-keyboard-response",388,3545181,"0.0-3.125-2.125","bc9hr80gw4q3fzx",713,"52.csv","","null","resources/images/fishbone.png","null","",NA,NA,NA,NA,""
"image-keyboard-response",389,3545864,"0.0-3.126-0.126","bc9hr80gw4q3fzx",713,"52.csv","","681.7000000029802","resources/trios/L1T1A1.jpg","39","restless",0.9,0.5,0.9,0.336392021729354,"true"
"image-keyboard-response",390,3546270,"0.0-3.126-1.126","bc9hr80gw4q3fzx",713,"52.csv","","null","resources/maskTrios/BBA1.jpg","null","",NA,NA,NA,NA,""
"image-keyboard-response",391,3547473,"0.0-3.126-2.126","bc9hr80gw4q3fzx",713,"52.csv","","null","resources/images/coin2.png","null","",NA,NA,NA,NA,""
"image-keyboard-response",392,3547727,"0.0-3.127-0.127","bc9hr80gw4q3fzx",713,"52.csv","","252.29999999701977","resources/trios/L1T1A2.jpg","38","restless",0.9,0.5,0.9,0.786482671413369,"false"
"image-keyboard-response",393,3548134,"0.0-3.127-1.127","bc9hr80gw4q3fzx",713,"52.csv","","null","resources/maskTrios/BT1B.jpg","null","",NA,NA,NA,NA,""
"image-keyboard-response",394,3549339,"0.0-3.127-2.127","bc9hr80gw4q3fzx",713,"52.csv","","null","resources/images/fishbone.png","null","",NA,NA,NA,NA,""
"image-keyboard-response",395,3549785,"0.0-3.128-0.128","bc9hr80gw4q3fzx",713,"52.csv","","443.8999999910593","resources/trios/L4T4A2.jpg","37","restless",0.8,0.5,0.9,0.206783458638775,"true"
"image-keyboard-response",396,3550191,"0.0-3.128-1.128","bc9hr80gw4q3fzx",713,"52.csv","","null","resources/maskTrios/L4BB.jpg","null","",NA,NA,NA,NA,""
"image-keyboard-response",397,3551397,"0.0-3.128-2.128","bc9hr80gw4q3fzx",713,"52.csv","","null","resources/images/coin2.png","null","",NA,NA,NA,NA,""
"image-keyboard-response",398,3551801,"0.0-3.129-0.129","bc9hr80gw4q3fzx",713,"52.csv","","401.79999999701977","resources/trios/L4T4A2.jpg","39","restless",0.8,0.5,0.9,0.866459533877395,"true"
"image-keyboard-response",399,3552205,"0.0-3.129-1.129","bc9hr80gw4q3fzx",713,"52.csv","","null","resources/maskTrios/BBA2.jpg","null","",NA,NA,NA,NA,""
"image-keyboard-response",400,3553410,"0.0-3.129-2.129","bc9hr80gw4q3fzx",713,"52.csv","","null","resources/images/coin2.png","null","",NA,NA,NA,NA,""
"image-keyboard-response",401,3554026,"0.0-3.130-0.130","bc9hr80gw4q3fzx",713,"52.csv","","613.9000000059605","resources/trios/L4T4A1.jpg","38","restless",0.8,0.5,0.9,0.0371815517370351,"true"
"image-keyboard-response",402,3554430,"0.0-3.130-1.130","bc9hr80gw4q3fzx",713,"52.csv","","null","resources/maskTrios/BT4B.jpg","null","",NA,NA,NA,NA,""
"image-keyboard-response",403,3555636,"0.0-3.130-2.130","bc9hr80gw4q3fzx",713,"52.csv","","null","resources/images/coin2.png","null","",NA,NA,NA,NA,""
"image-keyboard-response",404,3555830,"0.0-3.131-0.131","bc9hr80gw4q3fzx",713,"52.csv","","192.1000000089407","resources/trios/L1T1A2.jpg","39","restless",0.7,0.5,0.9,0.871552292604945,"true"
"image-keyboard-response",405,3556235,"0.0-3.131-1.131","bc9hr80gw4q3fzx",713,"52.csv","","null","resources/maskTrios/BBA2.jpg","null","",NA,NA,NA,NA,""
"image-keyboard-response",406,3557441,"0.0-3.131-2.131","bc9hr80gw4q3fzx",713,"52.csv","","null","resources/images/coin2.png","null","",NA,NA,NA,NA,""
"image-keyboard-response",407,3557716,"0.0-3.132-0.132","bc9hr80gw4q3fzx",713,"52.csv","","273.1000000089407","resources/trios/L1T4A2.jpg","37","restless",0.6,0.5,0.9,0.258082690460078,"true"
"image-keyboard-response",408,3558118,"0.0-3.132-1.132","bc9hr80gw4q3fzx",713,"52.csv","","null","resources/maskTrios/L1BB.jpg","null","",NA,NA,NA,NA,""
"image-keyboard-response",409,3559323,"0.0-3.132-2.132","bc9hr80gw4q3fzx",713,"52.csv","","null","resources/images/coin2.png","null","",NA,NA,NA,NA,""
"image-keyboard-response",410,3559577,"0.0-3.133-0.133","bc9hr80gw4q3fzx",713,"52.csv","","252.29999999701977","resources/trios/L1T4A2.jpg","39","restless",0.6,0.5,0.9,0.187626296964531,"true"
"image-keyboard-response",411,3559982,"0.0-3.133-1.133","bc9hr80gw4q3fzx",713,"52.csv","","null","resources/maskTrios/BBA2.jpg","null","",NA,NA,NA,NA,""
"image-keyboard-response",412,3561188,"0.0-3.133-2.133","bc9hr80gw4q3fzx",713,"52.csv","","null","resources/images/coin2.png","null","",NA,NA,NA,NA,""
"image-keyboard-response",413,3561430,"0.0-3.134-0.134","bc9hr80gw4q3fzx",713,"52.csv","","240.40000000596046","resources/trios/L4T4A1.jpg","38","restless",0.6,0.5,0.9,0.0513783241480554,"true"
"image-keyboard-response",414,3561835,"0.0-3.134-1.134","bc9hr80gw4q3fzx",713,"52.csv","","null","resources/maskTrios/BT4B.jpg","null","",NA,NA,NA,NA,""
"image-keyboard-response",415,3563041,"0.0-3.134-2.134","bc9hr80gw4q3fzx",713,"52.csv","","null","resources/images/coin2.png","null","",NA,NA,NA,NA,""
"image-keyboard-response",416,3563293,"0.0-3.135-0.135","bc9hr80gw4q3fzx",713,"52.csv","","250","resources/trios/L1T4A2.jpg","39","restless",0.6,0.5,0.9,0.679476458881691,"true"
"image-keyboard-response",417,3563697,"0.0-3.135-1.135","bc9hr80gw4q3fzx",713,"52.csv","","null","resources/maskTrios/BBA2.jpg","null","",NA,NA,NA,NA,""
"image-keyboard-response",418,3564903,"0.0-3.135-2.135","bc9hr80gw4q3fzx",713,"52.csv","","null","resources/images/coin2.png","null","",NA,NA,NA,NA,""
"image-keyboard-response",419,3565144,"0.0-3.136-0.136","bc9hr80gw4q3fzx",713,"52.csv","","238.79999999701977","resources/trios/L1T1A2.jpg","37","restless",0.5,0.5,0.8,0.950191864702097,"false"
"image-keyboard-response",420,3565548,"0.0-3.136-1.136","bc9hr80gw4q3fzx",713,"52.csv","","null","resources/maskTrios/L1BB.jpg","null","",NA,NA,NA,NA,""
"image-keyboard-response",421,3566755,"0.0-3.136-2.136","bc9hr80gw4q3fzx",713,"52.csv","","null","resources/images/fishbone.png","null","",NA,NA,NA,NA,""
"image-keyboard-response",422,3567446,"0.0-3.137-0.137","bc9hr80gw4q3fzx",713,"52.csv","","689.4000000059605","resources/trios/L4T4A1.jpg","37","restless",0.5,0.5,0.8,0.397757313950233,"true"
"image-keyboard-response",423,3567853,"0.0-3.137-1.137","bc9hr80gw4q3fzx",713,"52.csv","","null","resources/maskTrios/L4BB.jpg","null","",NA,NA,NA,NA,""
"image-keyboard-response",424,3569057,"0.0-3.137-2.137","bc9hr80gw4q3fzx",713,"52.csv","","null","resources/images/coin2.png","null","",NA,NA,NA,NA,""
"image-keyboard-response",425,3569158,"0.0-3.138-0.138","bc9hr80gw4q3fzx",713,"52.csv","","99.29999999701977","resources/trios/L1T1A1.jpg","38","restless",0.5,0.5,0.8,0.294423372660754,"true"
"image-keyboard-response",426,3569565,"0.0-3.138-1.138","bc9hr80gw4q3fzx",713,"52.csv","","null","resources/maskTrios/BT1B.jpg","null","",NA,NA,NA,NA,""
"image-keyboard-response",427,3570770,"0.0-3.138-2.138","bc9hr80gw4q3fzx",713,"52.csv","","null","resources/images/coin2.png","null","",NA,NA,NA,NA,""
"image-keyboard-response",428,3571037,"0.0-3.139-0.139","bc9hr80gw4q3fzx",713,"52.csv","","265.6000000089407","resources/trios/L4T4A1.jpg","39","restless",0.5,0.5,0.8,0.0851685923867578,"true"
"image-keyboard-response",429,3571442,"0.0-3.139-1.139","bc9hr80gw4q3fzx",713,"52.csv","","null","resources/maskTrios/BBA1.jpg","null","",NA,NA,NA,NA,""
"image-keyboard-response",430,3572648,"0.0-3.139-2.139","bc9hr80gw4q3fzx",713,"52.csv","","null","resources/images/coin2.png","null","",NA,NA,NA,NA,""
"image-keyboard-response",431,3573211,"0.0-3.140-0.140","bc9hr80gw4q3fzx",713,"52.csv","","561.5","resources/trios/L4T1A1.jpg","39","restless",0.5,0.5,0.8,0.807075405897452,"false"
"image-keyboard-response",432,3573614,"0.0-3.140-1.140","bc9hr80gw4q3fzx",713,"52.csv","","null","resources/maskTrios/BBA1.jpg","null","",NA,NA,NA,NA,""
"image-keyboard-response",433,3574819,"0.0-3.140-2.140","bc9hr80gw4q3fzx",713,"52.csv","","null","resources/images/fishbone.png","null","",NA,NA,NA,NA,""
"image-keyboard-response",434,3575378,"0.0-3.141-0.141","bc9hr80gw4q3fzx",713,"52.csv","","557.9000000059605","resources/trios/L1T1A2.jpg","39","restless",0.5,0.5,0.8,0.69019140817904,"true"
"image-keyboard-response",435,3575784,"0.0-3.141-1.141","bc9hr80gw4q3fzx",713,"52.csv","","null","resources/maskTrios/BBA2.jpg","null","",NA,NA,NA,NA,""
"image-keyboard-response",436,3576991,"0.0-3.141-2.141","bc9hr80gw4q3fzx",713,"52.csv","","null","resources/images/coin2.png","null","",NA,NA,NA,NA,""
"image-keyboard-response",437,3577118,"0.0-3.142-0.142","bc9hr80gw4q3fzx",713,"52.csv","","125.6000000089407","resources/trios/L1T1A1.jpg","38","restless",0.5,0.5,0.8,0.927669671298044,"false"
"image-keyboard-response",438,3577524,"0.0-3.142-1.142","bc9hr80gw4q3fzx",713,"52.csv","","null","resources/maskTrios/BT1B.jpg","null","",NA,NA,NA,NA,""
"image-keyboard-response",439,3578728,"0.0-3.142-2.142","bc9hr80gw4q3fzx",713,"52.csv","","null","resources/images/fishbone.png","null","",NA,NA,NA,NA,""
"image-keyboard-response",440,3578940,"0.0-3.143-0.143","bc9hr80gw4q3fzx",713,"52.csv","","209.8999999910593","resources/trios/L4T4A2.jpg","39","restless",0.5,0.5,0.8,0.170543230946086,"true"
"image-keyboard-response",441,3579342,"0.0-3.143-1.143","bc9hr80gw4q3fzx",713,"52.csv","","null","resources/maskTrios/BBA2.jpg","null","",NA,NA,NA,NA,""
"image-keyboard-response",442,3580546,"0.0-3.143-2.143","bc9hr80gw4q3fzx",713,"52.csv","","null","resources/images/coin2.png","null","",NA,NA,NA,NA,""
"image-keyboard-response",443,3580783,"0.0-3.144-0.144","bc9hr80gw4q3fzx",713,"52.csv","","235","resources/trios/L4T1A1.jpg","38","restless",0.5,0.6,0.8,0.780982146932027,"false"
"image-keyboard-response",444,3581186,"0.0-3.144-1.144","bc9hr80gw4q3fzx",713,"52.csv","","null","resources/maskTrios/BT1B.jpg","null","",NA,NA,NA,NA,""
"image-keyboard-response",445,3582388,"0.0-3.144-2.144","bc9hr80gw4q3fzx",713,"52.csv","","null","resources/images/fishbone.png","null","",NA,NA,NA,NA,""
"image-keyboard-response",446,3582573,"0.0-3.145-0.145","bc9hr80gw4q3fzx",713,"52.csv","","183.1000000089407","resources/trios/L1T1A2.jpg","39","restless",0.5,0.6,0.8,0.641740946461104,"true"
"image-keyboard-response",447,3582975,"0.0-3.145-1.145","bc9hr80gw4q3fzx",713,"52.csv","","null","resources/maskTrios/BBA2.jpg","null","",NA,NA,NA,NA,""
"image-keyboard-response",448,3584181,"0.0-3.145-2.145","bc9hr80gw4q3fzx",713,"52.csv","","null","resources/images/coin2.png","null","",NA,NA,NA,NA,""
"image-keyboard-response",449,3584376,"0.0-3.146-0.146","bc9hr80gw4q3fzx",713,"52.csv","","193.70000000298023","resources/trios/L1T1A2.jpg","37","restless",0.5,0.6,0.8,0.127516007190741,"true"
"image-keyboard-response",450,3584782,"0.0-3.146-1.146","bc9hr80gw4q3fzx",713,"52.csv","","null","resources/maskTrios/L1BB.jpg","null","",NA,NA,NA,NA,""
"image-keyboard-response",451,3585986,"0.0-3.146-2.146","bc9hr80gw4q3fzx",713,"52.csv","","null","resources/images/coin2.png","null","",NA,NA,NA,NA,""
"image-keyboard-response",452,3588357,"0.0-3.147-0.147","bc9hr80gw4q3fzx",713,"52.csv","","2369.2000000029802","resources/trios/L4T1A2.jpg","38","restless",0.5,0.6,0.8,0.414454764438335,"true"
"image-keyboard-response",453,3588762,"0.0-3.147-1.147","bc9hr80gw4q3fzx",713,"52.csv","","null","resources/maskTrios/BT1B.jpg","null","",NA,NA,NA,NA,""
"image-keyboard-response",454,3589968,"0.0-3.147-2.147","bc9hr80gw4q3fzx",713,"52.csv","","null","resources/images/coin2.png","null","",NA,NA,NA,NA,""
"image-keyboard-response",455,3590745,"0.0-3.148-0.148","bc9hr80gw4q3fzx",713,"52.csv","","774.9000000059605","resources/trios/L4T4A2.jpg","37","restless",0.5,0.6,0.8,0.782077819639268,"false"
"image-keyboard-response",456,3591150,"0.0-3.148-1.148","bc9hr80gw4q3fzx",713,"52.csv","","null","resources/maskTrios/L4BB.jpg","null","",NA,NA,NA,NA,""
"image-keyboard-response",457,3592355,"0.0-3.148-2.148","bc9hr80gw4q3fzx",713,"52.csv","","null","resources/images/fishbone.png","null","",NA,NA,NA,NA,""
"image-keyboard-response",458,3592588,"0.0-3.149-0.149","bc9hr80gw4q3fzx",713,"52.csv","","230.40000000596046","resources/trios/L4T1A2.jpg","39","restless",0.5,0.6,0.7,0.659553727036563,"true"
"image-keyboard-response",459,3592990,"0.0-3.149-1.149","bc9hr80gw4q3fzx",713,"52.csv","","null","resources/maskTrios/BBA2.jpg","null","",NA,NA,NA,NA,""
"image-keyboard-response",460,3594194,"0.0-3.149-2.149","bc9hr80gw4q3fzx",713,"52.csv","","null","resources/images/coin2.png","null","",NA,NA,NA,NA,""
"image-keyboard-response",461,3594343,"0.0-3.150-0.150","bc9hr80gw4q3fzx",713,"52.csv","","146.40000000596046","resources/trios/L4T4A2.jpg","37","restless",0.5,0.6,0.8,0.284687802496864,"true"
"image-keyboard-response",462,3594748,"0.0-3.150-1.150","bc9hr80gw4q3fzx",713,"52.csv","","null","resources/maskTrios/L4BB.jpg","null","",NA,NA,NA,NA,""
"image-keyboard-response",463,3595950,"0.0-3.150-2.150","bc9hr80gw4q3fzx",713,"52.csv","","null","resources/images/coin2.png","null","",NA,NA,NA,NA,""
"image-keyboard-response",464,3596132,"0.0-3.151-0.151","bc9hr80gw4q3fzx",713,"52.csv","","179.59999999403954","resources/trios/L4T1A1.jpg","38","restless",0.4,0.6,0.8,0.0215755381176348,"true"
"image-keyboard-response",465,3596537,"0.0-3.151-1.151","bc9hr80gw4q3fzx",713,"52.csv","","null","resources/maskTrios/BT1B.jpg","null","",NA,NA,NA,NA,""
"image-keyboard-response",466,3597742,"0.0-3.151-2.151","bc9hr80gw4q3fzx",713,"52.csv","","null","resources/images/coin2.png","null","",NA,NA,NA,NA,""
"image-keyboard-response",467,3597939,"0.0-3.152-0.152","bc9hr80gw4q3fzx",713,"52.csv","","194.79999999701977","resources/trios/L1T1A2.jpg","39","restless",0.4,0.6,0.8,0.786666098051446,"true"
"image-keyboard-response",468,3598344,"0.0-3.152-1.152","bc9hr80gw4q3fzx",713,"52.csv","","null","resources/maskTrios/BBA2.jpg","null","",NA,NA,NA,NA,""
"image-keyboard-response",469,3599551,"0.0-3.152-2.152","bc9hr80gw4q3fzx",713,"52.csv","","null","resources/images/coin2.png","null","",NA,NA,NA,NA,""
"image-keyboard-response",470,3600098,"0.0-3.153-0.153","bc9hr80gw4q3fzx",713,"52.csv","","545.2000000029802","resources/trios/L1T4A1.jpg","38","restless",0.4,0.5,0.8,0.399150802188872,"true"
"image-keyboard-response",471,3600502,"0.0-3.153-1.153","bc9hr80gw4q3fzx",713,"52.csv","","null","resources/maskTrios/BT4B.jpg","null","",NA,NA,NA,NA,""
"image-keyboard-response",472,3601709,"0.0-3.153-2.153","bc9hr80gw4q3fzx",713,"52.csv","","null","resources/images/coin2.png","null","",NA,NA,NA,NA,""
"image-keyboard-response",473,3602495,"0.0-3.154-0.154","bc9hr80gw4q3fzx",713,"52.csv","","784.5999999940395","resources/trios/L1T4A1.jpg","37","restless",0.4,0.5,0.8,0.377653624436777,"true"
"image-keyboard-response",474,3602898,"0.0-3.154-1.154","bc9hr80gw4q3fzx",713,"52.csv","","null","resources/maskTrios/L1BB.jpg","null","",NA,NA,NA,NA,""
"image-keyboard-response",475,3604103,"0.0-3.154-2.154","bc9hr80gw4q3fzx",713,"52.csv","","null","resources/images/coin2.png","null","",NA,NA,NA,NA,""
"image-keyboard-response",476,3604443,"0.0-3.155-0.155","bc9hr80gw4q3fzx",713,"52.csv","","338.20000000298023","resources/trios/L4T4A1.jpg","39","restless",0.4,0.5,0.8,0.725524476423183,"true"
"image-keyboard-response",477,3604846,"0.0-3.155-1.155","bc9hr80gw4q3fzx",713,"52.csv","","null","resources/maskTrios/BBA1.jpg","null","",NA,NA,NA,NA,""
"image-keyboard-response",478,3606050,"0.0-3.155-2.155","bc9hr80gw4q3fzx",713,"52.csv","","null","resources/images/coin2.png","null","",NA,NA,NA,NA,""
"image-keyboard-response",479,3606786,"0.0-3.156-0.156","bc9hr80gw4q3fzx",713,"52.csv","","733.7000000029802","resources/trios/L1T1A1.jpg","37","restless",0.4,0.5,0.8,0.942822833939783,"false"
"image-keyboard-response",480,3607189,"0.0-3.156-1.156","bc9hr80gw4q3fzx",713,"52.csv","","null","resources/maskTrios/L1BB.jpg","null","",NA,NA,NA,NA,""
"image-keyboard-response",481,3608391,"0.0-3.156-2.156","bc9hr80gw4q3fzx",713,"52.csv","","null","resources/images/fishbone.png","null","",NA,NA,NA,NA,""
"image-keyboard-response",482,3608540,"0.0-3.157-0.157","bc9hr80gw4q3fzx",713,"52.csv","","147.5","resources/trios/L4T1A2.jpg","38","restless",0.4,0.5,0.8,0.141014110176906,"true"
"image-keyboard-response",483,3608946,"0.0-3.157-1.157","bc9hr80gw4q3fzx",713,"52.csv","","null","resources/maskTrios/BT1B.jpg","null","",NA,NA,NA,NA,""
"image-keyboard-response",484,3610152,"0.0-3.157-2.157","bc9hr80gw4q3fzx",713,"52.csv","","null","resources/images/coin2.png","null","",NA,NA,NA,NA,""
"image-keyboard-response",485,3610529,"0.0-3.158-0.158","bc9hr80gw4q3fzx",713,"52.csv","","375.40000000596046","resources/trios/L4T1A1.jpg","39","restless",0.4,0.5,0.8,0.766380911912522,"true"
"image-keyboard-response",486,3610934,"0.0-3.158-1.158","bc9hr80gw4q3fzx",713,"52.csv","","null","resources/maskTrios/BBA1.jpg","null","",NA,NA,NA,NA,""
"image-keyboard-response",487,3612137,"0.0-3.158-2.158","bc9hr80gw4q3fzx",713,"52.csv","","null","resources/images/coin2.png","null","",NA,NA,NA,NA,""
"image-keyboard-response",488,3612234,"0.0-3.159-0.159","bc9hr80gw4q3fzx",713,"52.csv","","95.90000000596046","resources/trios/L4T1A1.jpg","37","restless",0.3,0.5,0.8,0.978176456284042,"false"
"image-keyboard-response",489,3612637,"0.0-3.159-1.159","bc9hr80gw4q3fzx",713,"52.csv","","null","resources/maskTrios/L4BB.jpg","null","",NA,NA,NA,NA,""
"image-keyboard-response",490,3613842,"0.0-3.159-2.159","bc9hr80gw4q3fzx",713,"52.csv","","null","resources/images/fishbone.png","null","",NA,NA,NA,NA,""
"image-keyboard-response",491,3614394,"0.0-3.160-0.160","bc9hr80gw4q3fzx",713,"52.csv","","550.5","resources/trios/L4T1A1.jpg","38","restless",0.3,0.5,0.8,0.885114894450012,"false"
"image-keyboard-response",492,3614796,"0.0-3.160-1.160","bc9hr80gw4q3fzx",713,"52.csv","","null","resources/maskTrios/BT1B.jpg","null","",NA,NA,NA,NA,""
"image-keyboard-response",493,3615999,"0.0-3.160-2.160","bc9hr80gw4q3fzx",713,"52.csv","","null","resources/images/fishbone.png","null","",NA,NA,NA,NA,""
"image-keyboard-response",494,3616256,"0.0-3.161-0.161","bc9hr80gw4q3fzx",713,"52.csv","","255.70000000298023","resources/trios/L1T1A1.jpg","39","restless",0.3,0.5,0.8,0.459774719340287,"true"
"image-keyboard-response",495,3616660,"0.0-3.161-1.161","bc9hr80gw4q3fzx",713,"52.csv","","null","resources/maskTrios/BBA1.jpg","null","",NA,NA,NA,NA,""
"image-keyboard-response",496,3617867,"0.0-3.161-2.161","bc9hr80gw4q3fzx",713,"52.csv","","null","resources/images/coin2.png","null","",NA,NA,NA,NA,""
"image-keyboard-response",497,3617993,"0.0-3.162-0.162","bc9hr80gw4q3fzx",713,"52.csv","","124.3999999910593","resources/trios/L1T4A1.jpg","38","restless",0.3,0.5,0.8,0.684609408945069,"false"
"image-keyboard-response",498,3618398,"0.0-3.162-1.162","bc9hr80gw4q3fzx",713,"52.csv","","null","resources/maskTrios/BT4B.jpg","null","",NA,NA,NA,NA,""
"image-keyboard-response",499,3619604,"0.0-3.162-2.162","bc9hr80gw4q3fzx",713,"52.csv","","null","resources/images/fishbone.png","null","",NA,NA,NA,NA,""
"image-keyboard-response",500,3619836,"0.0-3.163-0.163","bc9hr80gw4q3fzx",713,"52.csv","","230.40000000596046","resources/trios/L4T1A1.jpg","39","restless",0.3,0.5,0.8,0.110865867730542,"true"
"image-keyboard-response",501,3620241,"0.0-3.163-1.163","bc9hr80gw4q3fzx",713,"52.csv","","null","resources/maskTrios/BBA1.jpg","null","",NA,NA,NA,NA,""
"image-keyboard-response",502,3621448,"0.0-3.163-2.163","bc9hr80gw4q3fzx",713,"52.csv","","null","resources/images/coin2.png","null","",NA,NA,NA,NA,""
"image-keyboard-response",503,3621663,"0.0-3.164-0.164","bc9hr80gw4q3fzx",713,"52.csv","","213","resources/trios/L1T4A2.jpg","38","restless",0.3,0.5,0.8,0.160920277571492,"true"
"image-keyboard-response",504,3622068,"0.0-3.164-1.164","bc9hr80gw4q3fzx",713,"52.csv","","null","resources/maskTrios/BT4B.jpg","null","",NA,NA,NA,NA,""
"image-keyboard-response",505,3623273,"0.0-3.164-2.164","bc9hr80gw4q3fzx",713,"52.csv","","null","resources/images/coin2.png","null","",NA,NA,NA,NA,""
"image-keyboard-response",506,3623533,"0.0-3.165-0.165","bc9hr80gw4q3fzx",713,"52.csv","","258.70000000298023","resources/trios/L4T4A1.jpg","37","restless",0.3,0.5,0.8,0.162131273888271,"true"
"image-keyboard-response",507,3623937,"0.0-3.165-1.165","bc9hr80gw4q3fzx",713,"52.csv","","null","resources/maskTrios/L4BB.jpg","null","",NA,NA,NA,NA,""
"image-keyboard-response",508,3625140,"0.0-3.165-2.165","bc9hr80gw4q3fzx",713,"52.csv","","null","resources/images/coin2.png","null","",NA,NA,NA,NA,""
"image-keyboard-response",509,3625600,"0.0-3.166-0.166","bc9hr80gw4q3fzx",713,"52.csv","","457.5","resources/trios/L1T1A1.jpg","39","restless",0.3,0.5,0.8,0.103639996378729,"true"
"image-keyboard-response",510,3626002,"0.0-3.166-1.166","bc9hr80gw4q3fzx",713,"52.csv","","null","resources/maskTrios/BBA1.jpg","null","",NA,NA,NA,NA,""
"image-keyboard-response",511,3627209,"0.0-3.166-2.166","bc9hr80gw4q3fzx",713,"52.csv","","null","resources/images/coin2.png","null","",NA,NA,NA,NA,""
"image-keyboard-response",512,3630674,"0.0-3.167-0.167","bc9hr80gw4q3fzx",713,"52.csv","","3463.300000011921","resources/trios/L4T4A1.jpg","39","restless",0.3,0.5,0.8,0.21833378497828,"true"
"image-keyboard-response",513,3631076,"0.0-3.167-1.167","bc9hr80gw4q3fzx",713,"52.csv","","null","resources/maskTrios/BBA1.jpg","null","",NA,NA,NA,NA,""
"image-keyboard-response",514,3632280,"0.0-3.167-2.167","bc9hr80gw4q3fzx",713,"52.csv","","null","resources/images/coin2.png","null","",NA,NA,NA,NA,""
"image-keyboard-response",515,3632920,"0.0-3.168-0.168","bc9hr80gw4q3fzx",713,"52.csv","","638.5","resources/trios/L4T4A1.jpg","38","restless",0.3,0.5,0.8,0.191483819268525,"true"
"image-keyboard-response",516,3633324,"0.0-3.168-1.168","bc9hr80gw4q3fzx",713,"52.csv","","null","resources/maskTrios/BT4B.jpg","null","",NA,NA,NA,NA,""
"image-keyboard-response",517,3634529,"0.0-3.168-2.168","bc9hr80gw4q3fzx",713,"52.csv","","null","resources/images/coin2.png","null","",NA,NA,NA,NA,""
"image-keyboard-response",518,3634787,"0.0-3.169-0.169","bc9hr80gw4q3fzx",713,"52.csv","","257.79999999701977","resources/trios/L1T4A1.jpg","37","restless",0.3,0.5,0.7,0.0819555526228501,"true"
"image-keyboard-response",519,3635190,"0.0-3.169-1.169","bc9hr80gw4q3fzx",713,"52.csv","","null","resources/maskTrios/L1BB.jpg","null","",NA,NA,NA,NA,""
"image-keyboard-response",520,3636393,"0.0-3.169-2.169","bc9hr80gw4q3fzx",713,"52.csv","","null","resources/images/coin2.png","null","",NA,NA,NA,NA,""
"image-keyboard-response",521,3636634,"0.0-3.170-0.170","bc9hr80gw4q3fzx",713,"52.csv","","239.29999999701977","resources/trios/L1T4A2.jpg","39","restless",0.3,0.5,0.7,0.157984756104071,"true"
"image-keyboard-response",522,3637041,"0.0-3.170-1.170","bc9hr80gw4q3fzx",713,"52.csv","","null","resources/maskTrios/BBA2.jpg","null","",NA,NA,NA,NA,""
"image-keyboard-response",523,3638245,"0.0-3.170-2.170","bc9hr80gw4q3fzx",713,"52.csv","","null","resources/images/coin2.png","null","",NA,NA,NA,NA,""
"image-keyboard-response",524,3638502,"0.0-3.171-0.171","bc9hr80gw4q3fzx",713,"52.csv","","255.30000001192093","resources/trios/L4T4A2.jpg","39","restless",0.3,0.5,0.7,0.684001454246993,"true"
"image-keyboard-response",525,3638906,"0.0-3.171-1.171","bc9hr80gw4q3fzx",713,"52.csv","","null","resources/maskTrios/BBA2.jpg","null","",NA,NA,NA,NA,""
"image-keyboard-response",526,3640111,"0.0-3.171-2.171","bc9hr80gw4q3fzx",713,"52.csv","","null","resources/images/coin2.png","null","",NA,NA,NA,NA,""
"image-keyboard-response",527,3640357,"0.0-3.172-0.172","bc9hr80gw4q3fzx",713,"52.csv","","243.79999999701977","resources/trios/L1T4A2.jpg","38","restless",0.3,0.5,0.7,0.807562643255056,"false"
"image-keyboard-response",528,3640762,"0.0-3.172-1.172","bc9hr80gw4q3fzx",713,"52.csv","","null","resources/maskTrios/BT4B.jpg","null","",NA,NA,NA,NA,""
"image-keyboard-response",529,3641965,"0.0-3.172-2.172","bc9hr80gw4q3fzx",713,"52.csv","","null","resources/images/fishbone.png","null","",NA,NA,NA,NA,""
"image-keyboard-response",530,3642044,"0.0-3.173-0.173","bc9hr80gw4q3fzx",713,"52.csv","","77.80000001192093","resources/trios/L1T1A2.jpg","37","restless",0.3,0.5,0.7,0.971055797290742,"false"
"image-keyboard-response",531,3642447,"0.0-3.173-1.173","bc9hr80gw4q3fzx",713,"52.csv","","null","resources/maskTrios/L1BB.jpg","null","",NA,NA,NA,NA,""
"image-keyboard-response",532,3643651,"0.0-3.173-2.173","bc9hr80gw4q3fzx",713,"52.csv","","null","resources/images/fishbone.png","null","",NA,NA,NA,NA,""
"image-keyboard-response",533,3643709,"0.0-3.174-0.174","bc9hr80gw4q3fzx",713,"52.csv","","55.5","resources/trios/L1T1A1.jpg","39","restless",0.3,0.5,0.7,0.704554692282395,"false"
"image-keyboard-response",534,3644112,"0.0-3.174-1.174","bc9hr80gw4q3fzx",713,"52.csv","","null","resources/maskTrios/BBA1.jpg","null","",NA,NA,NA,NA,""
"image-keyboard-response",535,3645317,"0.0-3.174-2.174","bc9hr80gw4q3fzx",713,"52.csv","","null","resources/images/fishbone.png","null","",NA,NA,NA,NA,""
"image-keyboard-response",536,3645710,"0.0-3.175-0.175","bc9hr80gw4q3fzx",713,"52.csv","","391.20000000298023","resources/trios/L4T4A1.jpg","39","restless",0.3,0.5,0.7,0.216897029139379,"true"
"image-keyboard-response",537,3646116,"0.0-3.175-1.175","bc9hr80gw4q3fzx",713,"52.csv","","null","resources/maskTrios/BBA1.jpg","null","",NA,NA,NA,NA,""
"image-keyboard-response",538,3647322,"0.0-3.175-2.175","bc9hr80gw4q3fzx",713,"52.csv","","null","resources/images/coin2.png","null","",NA,NA,NA,NA,""
"image-keyboard-response",539,3647488,"0.0-3.176-0.176","bc9hr80gw4q3fzx",713,"52.csv","","164.90000000596046","resources/trios/L1T1A2.jpg","38","restless",0.4,0.5,0.7,0.671513539460925,"false"
"image-keyboard-response",540,3647893,"0.0-3.176-1.176","bc9hr80gw4q3fzx",713,"52.csv","","null","resources/maskTrios/BT1B.jpg","null","",NA,NA,NA,NA,""
"image-keyboard-response",541,3649096,"0.0-3.176-2.176","bc9hr80gw4q3fzx",713,"52.csv","","null","resources/images/fishbone.png","null","",NA,NA,NA,NA,""
"image-keyboard-response",542,3649326,"0.0-3.177-0.177","bc9hr80gw4q3fzx",713,"52.csv","","227.5","resources/trios/L4T1A1.jpg","39","restless",0.5,0.5,0.6,0.209643897944352,"true"
"image-keyboard-response",543,3649728,"0.0-3.177-1.177","bc9hr80gw4q3fzx",713,"52.csv","","null","resources/maskTrios/BBA1.jpg","null","",NA,NA,NA,NA,""
"image-keyboard-response",544,3650931,"0.0-3.177-2.177","bc9hr80gw4q3fzx",713,"52.csv","","null","resources/images/coin2.png","null","",NA,NA,NA,NA,""
"image-keyboard-response",545,3651073,"0.0-3.178-0.178","bc9hr80gw4q3fzx",713,"52.csv","","139.19999998807907","resources/trios/L1T1A1.jpg","37","restless",0.5,0.5,0.6,0.39786435688479,"true"
"image-keyboard-response",546,3651475,"0.0-3.178-1.178","bc9hr80gw4q3fzx",713,"52.csv","","null","resources/maskTrios/L1BB.jpg","null","",NA,NA,NA,NA,""
"image-keyboard-response",547,3652679,"0.0-3.178-2.178","bc9hr80gw4q3fzx",713,"52.csv","","null","resources/images/coin2.png","null","",NA,NA,NA,NA,""
"image-keyboard-response",548,3652836,"0.0-3.179-0.179","bc9hr80gw4q3fzx",713,"52.csv","","155","resources/trios/L4T4A1.jpg","38","restless",0.5,0.5,0.6,0.613003654374084,"false"
"image-keyboard-response",549,3653240,"0.0-3.179-1.179","bc9hr80gw4q3fzx",713,"52.csv","","null","resources/maskTrios/BT4B.jpg","null","",NA,NA,NA,NA,""
"image-keyboard-response",550,3654442,"0.0-3.179-2.179","bc9hr80gw4q3fzx",713,"52.csv","","null","resources/images/fishbone.png","null","",NA,NA,NA,NA,""
"image-keyboard-response",551,3654546,"0.0-3.180-0.180","bc9hr80gw4q3fzx",713,"52.csv","","102.6000000089407","resources/trios/L1T1A1.jpg","39","restless",0.6,0.5,0.6,0.0136690913519408,"true"
"image-keyboard-response",552,3654951,"0.0-3.180-1.180","bc9hr80gw4q3fzx",713,"52.csv","","null","resources/maskTrios/BBA1.jpg","null","",NA,NA,NA,NA,""
"image-keyboard-response",553,3656156,"0.0-3.180-2.180","bc9hr80gw4q3fzx",713,"52.csv","","null","resources/images/coin2.png","null","",NA,NA,NA,NA,""
"image-keyboard-response",554,3656201,"0.0-3.181-0.181","bc9hr80gw4q3fzx",713,"52.csv","","43","resources/trios/L4T1A2.jpg","39","restless",0.6,0.5,0.6,0.518321547258902,"true"
"image-keyboard-response",555,3656607,"0.0-3.181-1.181","bc9hr80gw4q3fzx",713,"52.csv","","null","resources/maskTrios/BBA2.jpg","null","",NA,NA,NA,NA,""
"image-keyboard-response",556,3657811,"0.0-3.181-2.181","bc9hr80gw4q3fzx",713,"52.csv","","null","resources/images/coin2.png","null","",NA,NA,NA,NA,""
"image-keyboard-response",557,3658022,"0.0-3.182-0.182","bc9hr80gw4q3fzx",713,"52.csv","","209.29999999701977","resources/trios/L4T1A1.jpg","38","restless",0.6,0.5,0.6,0.948381971445318,"false"
"image-keyboard-response",558,3658426,"0.0-3.182-1.182","bc9hr80gw4q3fzx",713,"52.csv","","null","resources/maskTrios/BT1B.jpg","null","",NA,NA,NA,NA,""
"image-keyboard-response",559,3659631,"0.0-3.182-2.182","bc9hr80gw4q3fzx",713,"52.csv","","null","resources/images/fishbone.png","null","",NA,NA,NA,NA,""
"image-keyboard-response",560,3659681,"0.0-3.183-0.183","bc9hr80gw4q3fzx",713,"52.csv","","48.5","resources/trios/L4T1A2.jpg","39","restless",0.6,0.5,0.6,0.726382208829524,"false"
"image-keyboard-response",561,3660083,"0.0-3.183-1.183","bc9hr80gw4q3fzx",713,"52.csv","","null","resources/maskTrios/BBA2.jpg","null","",NA,NA,NA,NA,""
"image-keyboard-response",562,3661290,"0.0-3.183-2.183","bc9hr80gw4q3fzx",713,"52.csv","","null","resources/images/fishbone.png","null","",NA,NA,NA,NA,""
"image-keyboard-response",563,3661316,"0.0-3.184-0.184","bc9hr80gw4q3fzx",713,"52.csv","","24.399999991059303","resources/trios/L1T4A1.jpg","39","restless",0.6,0.4,0.6,0.71504893319843,"false"
"image-keyboard-response",564,3661722,"0.0-3.184-1.184","bc9hr80gw4q3fzx",713,"52.csv","","null","resources/maskTrios/BBA1.jpg","null","",NA,NA,NA,NA,""
"image-keyboard-response",565,3662928,"0.0-3.184-2.184","bc9hr80gw4q3fzx",713,"52.csv","","null","resources/images/fishbone.png","null","",NA,NA,NA,NA,""
"image-keyboard-response",566,3663021,"0.0-3.185-0.185","bc9hr80gw4q3fzx",713,"52.csv","","92.1000000089407","resources/trios/L4T1A2.jpg","39","restless",0.6,0.4,0.5,0.517276283156582,"false"
"image-keyboard-response",567,3663423,"0.0-3.185-1.185","bc9hr80gw4q3fzx",713,"52.csv","","null","resources/maskTrios/BBA2.jpg","null","",NA,NA,NA,NA,""
"image-keyboard-response",568,3664629,"0.0-3.185-2.185","bc9hr80gw4q3fzx",713,"52.csv","","null","resources/images/fishbone.png","null","",NA,NA,NA,NA,""
"image-keyboard-response",569,3664838,"0.0-3.186-0.186","bc9hr80gw4q3fzx",713,"52.csv","","207.1000000089407","resources/trios/L4T1A1.jpg","37","restless",0.6,0.4,0.5,0.107673814236876,"true"
"image-keyboard-response",570,3665241,"0.0-3.186-1.186","bc9hr80gw4q3fzx",713,"52.csv","","null","resources/maskTrios/L4BB.jpg","null","",NA,NA,NA,NA,""
"image-keyboard-response",571,3666448,"0.0-3.186-2.186","bc9hr80gw4q3fzx",713,"52.csv","","null","resources/images/coin2.png","null","",NA,NA,NA,NA,""
"image-keyboard-response",572,3666941,"0.0-3.187-0.187","bc9hr80gw4q3fzx",713,"52.csv","","491.79999999701977","resources/trios/L1T1A1.jpg","39","restless",0.6,0.4,0.5,0.395347127529111,"true"
"image-keyboard-response",573,3667345,"0.0-3.187-1.187","bc9hr80gw4q3fzx",713,"52.csv","","null","resources/maskTrios/BBA1.jpg","null","",NA,NA,NA,NA,""
"image-keyboard-response",574,3668549,"0.0-3.187-2.187","bc9hr80gw4q3fzx",713,"52.csv","","null","resources/images/coin2.png","null","",NA,NA,NA,NA,""
"image-keyboard-response",575,3668741,"0.0-3.188-0.188","bc9hr80gw4q3fzx",713,"52.csv","","189.70000000298023","resources/trios/L4T1A1.jpg","38","restless",0.6,0.4,0.5,0.624159823401635,"false"
"image-keyboard-response",576,3669144,"0.0-3.188-1.188","bc9hr80gw4q3fzx",713,"52.csv","","null","resources/maskTrios/BT1B.jpg","null","",NA,NA,NA,NA,""
"image-keyboard-response",577,3670348,"0.0-3.188-2.188","bc9hr80gw4q3fzx",713,"52.csv","","null","resources/images/fishbone.png","null","",NA,NA,NA,NA,""
"image-keyboard-response",578,3670551,"0.0-3.189-0.189","bc9hr80gw4q3fzx",713,"52.csv","","201.6000000089407","resources/trios/L1T1A2.jpg","37","restless",0.5,0.4,0.4,0.350741576564869,"true"
"image-keyboard-response",579,3670953,"0.0-3.189-1.189","bc9hr80gw4q3fzx",713,"52.csv","","null","resources/maskTrios/L1BB.jpg","null","",NA,NA,NA,NA,""
"image-keyboard-response",580,3672158,"0.0-3.189-2.189","bc9hr80gw4q3fzx",713,"52.csv","","null","resources/images/coin2.png","null","",NA,NA,NA,NA,""
"image-keyboard-response",581,3672202,"0.0-3.190-0.190","bc9hr80gw4q3fzx",713,"52.csv","","42.099999994039536","resources/trios/L1T4A1.jpg","38","restless",0.5,0.4,0.4,0.684672692623242,"false"
"image-keyboard-response",582,3672607,"0.0-3.190-1.190","bc9hr80gw4q3fzx",713,"52.csv","","null","resources/maskTrios/BT4B.jpg","null","",NA,NA,NA,NA,""
"image-keyboard-response",583,3673810,"0.0-3.190-2.190","bc9hr80gw4q3fzx",713,"52.csv","","null","resources/images/fishbone.png","null","",NA,NA,NA,NA,""
"image-keyboard-response",584,3673813,"0.0-3.191-0.191","bc9hr80gw4q3fzx",713,"52.csv","","1.5","resources/trios/L1T4A1.jpg","37","restless",0.5,0.4,0.4,0.134626586915405,"true"
"image-keyboard-response",585,3674217,"0.0-3.191-1.191","bc9hr80gw4q3fzx",713,"52.csv","","null","resources/maskTrios/L1BB.jpg","null","",NA,NA,NA,NA,""
"image-keyboard-response",586,3675422,"0.0-3.191-2.191","bc9hr80gw4q3fzx",713,"52.csv","","null","resources/images/coin2.png","null","",NA,NA,NA,NA,""
"image-keyboard-response",587,3675649,"0.0-3.192-0.192","bc9hr80gw4q3fzx",713,"52.csv","","224.90000000596046","resources/trios/L1T4A2.jpg","39","restless",0.5,0.4,0.4,0.169358382612375,"true"
"image-keyboard-response",588,3676052,"0.0-3.192-1.192","bc9hr80gw4q3fzx",713,"52.csv","","null","resources/maskTrios/BBA2.jpg","null","",NA,NA,NA,NA,""
"image-keyboard-response",589,3677257,"0.0-3.192-2.192","bc9hr80gw4q3fzx",713,"52.csv","","null","resources/images/coin2.png","null","",NA,NA,NA,NA,""
"image-keyboard-response",590,3677482,"0.0-3.193-0.193","bc9hr80gw4q3fzx",713,"52.csv","","223.3999999910593","resources/trios/L1T1A1.jpg","38","restless",0.6,0.4,0.4,0.940717064447051,"false"
"image-keyboard-response",591,3677888,"0.0-3.193-1.193","bc9hr80gw4q3fzx",713,"52.csv","","null","resources/maskTrios/BT1B.jpg","null","",NA,NA,NA,NA,""
"image-keyboard-response",592,3679091,"0.0-3.193-2.193","bc9hr80gw4q3fzx",713,"52.csv","","null","resources/images/fishbone.png","null","",NA,NA,NA,NA,""
"image-keyboard-response",593,3679344,"0.0-3.194-0.194","bc9hr80gw4q3fzx",713,"52.csv","","251","resources/trios/L1T4A2.jpg","39","restless",0.6,0.4,0.4,0.365289654426022,"true"
"image-keyboard-response",594,3679747,"0.0-3.194-1.194","bc9hr80gw4q3fzx",713,"52.csv","","null","resources/maskTrios/BBA2.jpg","null","",NA,NA,NA,NA,""
"image-keyboard-response",595,3680952,"0.0-3.194-2.194","bc9hr80gw4q3fzx",713,"52.csv","","null","resources/images/coin2.png","null","",NA,NA,NA,NA,""
"image-keyboard-response",596,3680977,"0.0-3.195-0.195","bc9hr80gw4q3fzx",713,"52.csv","","23.299999997019768","resources/trios/L1T4A1.jpg","37","restless",0.6,0.4,0.4,0.482510450190805,"true"
"image-keyboard-response",597,3681382,"0.0-3.195-1.195","bc9hr80gw4q3fzx",713,"52.csv","","null","resources/maskTrios/L1BB.jpg","null","",NA,NA,NA,NA,""
"image-keyboard-response",598,3682585,"0.0-3.195-2.195","bc9hr80gw4q3fzx",713,"52.csv","","null","resources/images/coin2.png","null","",NA,NA,NA,NA,""
"image-keyboard-response",599,3682779,"0.0-3.196-0.196","bc9hr80gw4q3fzx",713,"52.csv","","192","resources/trios/L4T1A2.jpg","38","restless",0.6,0.4,0.4,0.433164095671003,"false"
"image-keyboard-response",600,3683185,"0.0-3.196-1.196","bc9hr80gw4q3fzx",713,"52.csv","","null","resources/maskTrios/BT1B.jpg","null","",NA,NA,NA,NA,""
"image-keyboard-response",601,3684391,"0.0-3.196-2.196","bc9hr80gw4q3fzx",713,"52.csv","","null","resources/images/fishbone.png","null","",NA,NA,NA,NA,""
"image-keyboard-response",602,3684700,"0.0-3.197-0.197","bc9hr80gw4q3fzx",713,"52.csv","","307.09999999403954","resources/trios/L4T4A1.jpg","37","restless",0.6,0.4,0.4,0.911747003164118,"false"
"image-keyboard-response",603,3685102,"0.0-3.197-1.197","bc9hr80gw4q3fzx",713,"52.csv","","null","resources/maskTrios/L4BB.jpg","null","",NA,NA,NA,NA,""
"image-keyboard-response",604,3686306,"0.0-3.197-2.197","bc9hr80gw4q3fzx",713,"52.csv","","null","resources/images/fishbone.png","null","",NA,NA,NA,NA,""
"image-keyboard-response",605,3686462,"0.0-3.198-0.198","bc9hr80gw4q3fzx",713,"52.csv","","153.59999999403954","resources/trios/L1T4A1.jpg","39","restless",0.6,0.4,0.4,0.6874009881417,"false"
"image-keyboard-response",606,3686865,"0.0-3.198-1.198","bc9hr80gw4q3fzx",713,"52.csv","","null","resources/maskTrios/BBA1.jpg","null","",NA,NA,NA,NA,""
"image-keyboard-response",607,3688069,"0.0-3.198-2.198","bc9hr80gw4q3fzx",713,"52.csv","","null","resources/images/fishbone.png","null","",NA,NA,NA,NA,""
"image-keyboard-response",608,3688176,"0.0-3.199-0.199","bc9hr80gw4q3fzx",713,"52.csv","","104.79999999701977","resources/trios/L1T1A2.jpg","39","restless",0.6,0.5,0.4,0.882698783047779,"false"
"image-keyboard-response",609,3688581,"0.0-3.199-1.199","bc9hr80gw4q3fzx",713,"52.csv","","null","resources/maskTrios/BBA2.jpg","null","",NA,NA,NA,NA,""
"image-keyboard-response",610,3689783,"0.0-3.199-2.199","bc9hr80gw4q3fzx",713,"52.csv","","null","resources/images/fishbone.png","null","",NA,NA,NA,NA,""
"image-keyboard-response",611,3689786,"0.0-3.200-0.200","bc9hr80gw4q3fzx",713,"52.csv","","1.1000000089406967","resources/trios/L1T4A2.jpg","39","restless",0.6,0.5,0.5,0.587648444113006,"false"
"image-keyboard-response",612,3690195,"0.0-3.200-1.200","bc9hr80gw4q3fzx",713,"52.csv","","null","resources/maskTrios/BBA2.jpg","null","",NA,NA,NA,NA,""
"image-keyboard-response",613,3691397,"0.0-3.200-2.200","bc9hr80gw4q3fzx",713,"52.csv","","null","resources/images/fishbone.png","null","",NA,NA,NA,NA,""
"image-keyboard-response",614,3691543,"0.0-3.201-0.201","bc9hr80gw4q3fzx",713,"52.csv","","144.20000000298023","resources/trios/L4T1A2.jpg","39","restless",0.6,0.5,0.5,0.99291881464091,"false"
"image-keyboard-response",615,3691945,"0.0-3.201-1.201","bc9hr80gw4q3fzx",713,"52.csv","","null","resources/maskTrios/BBA2.jpg","null","",NA,NA,NA,NA,""
"image-keyboard-response",616,3693150,"0.0-3.201-2.201","bc9hr80gw4q3fzx",713,"52.csv","","null","resources/images/fishbone.png","null","",NA,NA,NA,NA,""
"image-keyboard-response",617,3693288,"0.0-3.202-0.202","bc9hr80gw4q3fzx",713,"52.csv","","134.90000000596046","resources/trios/L1T1A2.jpg","37","restless",0.6,0.5,0.5,0.881914527732224,"false"
"image-keyboard-response",618,3693691,"0.0-3.202-1.202","bc9hr80gw4q3fzx",713,"52.csv","","null","resources/maskTrios/L1BB.jpg","null","",NA,NA,NA,NA,""
"image-keyboard-response",619,3694897,"0.0-3.202-2.202","bc9hr80gw4q3fzx",713,"52.csv","","null","resources/images/fishbone.png","null","",NA,NA,NA,NA,""
"image-keyboard-response",620,3695118,"0.0-3.203-0.203","bc9hr80gw4q3fzx",713,"52.csv","","219.90000000596046","resources/trios/L4T1A2.jpg","37","restless",0.6,0.5,0.5,0.894956683332344,"false"
"image-keyboard-response",621,3695523,"0.0-3.203-1.203","bc9hr80gw4q3fzx",713,"52.csv","","null","resources/maskTrios/L4BB.jpg","null","",NA,NA,NA,NA,""
"image-keyboard-response",622,3696729,"0.0-3.203-2.203","bc9hr80gw4q3fzx",713,"52.csv","","null","resources/images/fishbone.png","null","",NA,NA,NA,NA,""
"image-keyboard-response",623,3696876,"0.0-3.204-0.204","bc9hr80gw4q3fzx",713,"52.csv","","145","resources/trios/L4T4A1.jpg","37","restless",0.6,0.5,0.5,0.750336470549607,"false"
"image-keyboard-response",624,3697280,"0.0-3.204-1.204","bc9hr80gw4q3fzx",713,"52.csv","","null","resources/maskTrios/L4BB.jpg","null","",NA,NA,NA,NA,""
"image-keyboard-response",625,3698486,"0.0-3.204-2.204","bc9hr80gw4q3fzx",713,"52.csv","","null","resources/images/fishbone.png","null","",NA,NA,NA,NA,""
"image-keyboard-response",626,3698714,"0.0-3.205-0.205","bc9hr80gw4q3fzx",713,"52.csv","","226.8999999910593","resources/trios/L4T1A1.jpg","39","restless",0.6,0.5,0.5,0.762032378937853,"false"
"image-keyboard-response",627,3699120,"0.0-3.205-1.205","bc9hr80gw4q3fzx",713,"52.csv","","null","resources/maskTrios/BBA1.jpg","null","",NA,NA,NA,NA,""
"image-keyboard-response",628,3700325,"0.0-3.205-2.205","bc9hr80gw4q3fzx",713,"52.csv","","null","resources/images/fishbone.png","null","",NA,NA,NA,NA,""
"image-keyboard-response",629,3700417,"0.0-3.206-0.206","bc9hr80gw4q3fzx",713,"52.csv","","90","resources/trios/L4T4A1.jpg","38","restless",0.6,0.5,0.5,0.832870450039118,"false"
"image-keyboard-response",630,3700823,"0.0-3.206-1.206","bc9hr80gw4q3fzx",713,"52.csv","","null","resources/maskTrios/BT4B.jpg","null","",NA,NA,NA,NA,""
"image-keyboard-response",631,3702029,"0.0-3.206-2.206","bc9hr80gw4q3fzx",713,"52.csv","","null","resources/images/fishbone.png","null","",NA,NA,NA,NA,""
"image-keyboard-response",632,3702178,"0.0-3.207-0.207","bc9hr80gw4q3fzx",713,"52.csv","","147.09999999403954","resources/trios/L4T4A1.jpg","37","restless",0.6,0.5,0.5,0.483311303519398,"true"
"image-keyboard-response",633,3702581,"0.0-3.207-1.207","bc9hr80gw4q3fzx",713,"52.csv","","null","resources/maskTrios/L4BB.jpg","null","",NA,NA,NA,NA,""
"image-keyboard-response",634,3703785,"0.0-3.207-2.207","bc9hr80gw4q3fzx",713,"52.csv","","null","resources/images/coin2.png","null","",NA,NA,NA,NA,""
"image-keyboard-response",635,3704057,"0.0-3.208-0.208","bc9hr80gw4q3fzx",713,"52.csv","","269.20000000298023","resources/trios/L4T4A1.jpg","37","restless",0.6,0.5,0.5,0.873484021893275,"false"
"image-keyboard-response",636,3704462,"0.0-3.208-1.208","bc9hr80gw4q3fzx",713,"52.csv","","null","resources/maskTrios/L4BB.jpg","null","",NA,NA,NA,NA,""
"image-keyboard-response",637,3705668,"0.0-3.208-2.208","bc9hr80gw4q3fzx",713,"52.csv","","null","resources/images/fishbone.png","null","",NA,NA,NA,NA,""
"image-keyboard-response",638,3705780,"0.0-3.209-0.209","bc9hr80gw4q3fzx",713,"52.csv","","110.20000000298023","resources/trios/L1T4A2.jpg","37","restless",0.6,0.5,0.5,0.0356540480385046,"true"
"image-keyboard-response",639,3706183,"0.0-3.209-1.209","bc9hr80gw4q3fzx",713,"52.csv","","null","resources/maskTrios/L1BB.jpg","null","",NA,NA,NA,NA,""
"image-keyboard-response",640,3707388,"0.0-3.209-2.209","bc9hr80gw4q3fzx",713,"52.csv","","null","resources/images/coin2.png","null","",NA,NA,NA,NA,""
"image-keyboard-response",641,3707584,"0.0-3.210-0.210","bc9hr80gw4q3fzx",713,"52.csv","","194.29999999701977","resources/trios/L1T4A1.jpg","38","restless",0.6,0.5,0.5,0.477836888716937,"true"
"image-keyboard-response",642,3707989,"0.0-3.210-1.210","bc9hr80gw4q3fzx",713,"52.csv","","null","resources/maskTrios/BT4B.jpg","null","",NA,NA,NA,NA,""
"image-keyboard-response",643,3709196,"0.0-3.210-2.210","bc9hr80gw4q3fzx",713,"52.csv","","null","resources/images/coin2.png","null","",NA,NA,NA,NA,""
"image-keyboard-response",644,3709398,"0.0-3.211-0.211","bc9hr80gw4q3fzx",713,"52.csv","","200.5","resources/trios/L1T1A1.jpg","39","restless",0.6,0.5,0.5,0.0212792188114963,"true"
"image-keyboard-response",645,3709802,"0.0-3.211-1.211","bc9hr80gw4q3fzx",713,"52.csv","","null","resources/maskTrios/BBA1.jpg","null","",NA,NA,NA,NA,""
"image-keyboard-response",646,3711008,"0.0-3.211-2.211","bc9hr80gw4q3fzx",713,"52.csv","","null","resources/images/coin2.png","null","",NA,NA,NA,NA,""
"image-keyboard-response",647,3711168,"0.0-3.212-0.212","bc9hr80gw4q3fzx",713,"52.csv","","158.90000000596046","resources/trios/L1T1A2.jpg","37","restless",0.6,0.5,0.5,0.344895952712059,"true"
"image-keyboard-response",648,3711572,"0.0-3.212-1.212","bc9hr80gw4q3fzx",713,"52.csv","","null","resources/maskTrios/L1BB.jpg","null","",NA,NA,NA,NA,""
"image-keyboard-response",649,3712776,"0.0-3.212-2.212","bc9hr80gw4q3fzx",713,"52.csv","","null","resources/images/coin2.png","null","",NA,NA,NA,NA,""
"image-keyboard-response",650,3713044,"0.0-3.213-0.213","bc9hr80gw4q3fzx",713,"52.csv","","266.09999999403954","resources/trios/L4T4A1.jpg","38","restless",0.6,0.4,0.5,0.973211412664024,"false"
"image-keyboard-response",651,3713446,"0.0-3.213-1.213","bc9hr80gw4q3fzx",713,"52.csv","","null","resources/maskTrios/BT4B.jpg","null","",NA,NA,NA,NA,""
"image-keyboard-response",652,3714648,"0.0-3.213-2.213","bc9hr80gw4q3fzx",713,"52.csv","","null","resources/images/fishbone.png","null","",NA,NA,NA,NA,""
"image-keyboard-response",653,3714963,"0.0-3.214-0.214","bc9hr80gw4q3fzx",713,"52.csv","","313.20000000298023","resources/trios/L4T4A2.jpg","37","restless",0.6,0.4,0.5,0.972961257470682,"false"
"image-keyboard-response",654,3715367,"0.0-3.214-1.214","bc9hr80gw4q3fzx",713,"52.csv","","null","resources/maskTrios/L4BB.jpg","null","",NA,NA,NA,NA,""
"image-keyboard-response",655,3716573,"0.0-3.214-2.214","bc9hr80gw4q3fzx",713,"52.csv","","null","resources/images/fishbone.png","null","",NA,NA,NA,NA,""
"image-keyboard-response",656,3716781,"0.0-3.215-0.215","bc9hr80gw4q3fzx",713,"52.csv","","205.6000000089407","resources/trios/L4T4A1.jpg","39","restless",0.5,0.4,0.5,0.707109569455363,"false"
"image-keyboard-response",657,3717185,"0.0-3.215-1.215","bc9hr80gw4q3fzx",713,"52.csv","","null","resources/maskTrios/BBA1.jpg","null","",NA,NA,NA,NA,""
"image-keyboard-response",658,3718390,"0.0-3.215-2.215","bc9hr80gw4q3fzx",713,"52.csv","","null","resources/images/fishbone.png","null","",NA,NA,NA,NA,""
"image-keyboard-response",659,3718444,"0.0-3.216-0.216","bc9hr80gw4q3fzx",713,"52.csv","","52.20000000298023","resources/trios/L1T1A1.jpg","39","restless",0.5,0.4,0.5,0.180640689364683,"true"
"image-keyboard-response",660,3718847,"0.0-3.216-1.216","bc9hr80gw4q3fzx",713,"52.csv","","null","resources/maskTrios/BBA1.jpg","null","",NA,NA,NA,NA,""
"image-keyboard-response",661,3720053,"0.0-3.216-2.216","bc9hr80gw4q3fzx",713,"52.csv","","null","resources/images/coin2.png","null","",NA,NA,NA,NA,""
"image-keyboard-response",662,3720301,"0.0-3.217-0.217","bc9hr80gw4q3fzx",713,"52.csv","","245.1000000089407","resources/trios/L4T4A2.jpg","38","restless",0.5,0.4,0.5,0.518181826336978,"false"
"image-keyboard-response",663,3720705,"0.0-3.217-1.217","bc9hr80gw4q3fzx",713,"52.csv","","null","resources/maskTrios/BT4B.jpg","null","",NA,NA,NA,NA,""
"image-keyboard-response",664,3721912,"0.0-3.217-2.217","bc9hr80gw4q3fzx",713,"52.csv","","null","resources/images/fishbone.png","null","",NA,NA,NA,NA,""
"image-keyboard-response",665,3721982,"0.0-3.218-0.218","bc9hr80gw4q3fzx",713,"52.csv","","69","resources/trios/L4T4A2.jpg","39","restless",0.5,0.4,0.5,0.191839233582364,"true"
"image-keyboard-response",666,3722385,"0.0-3.218-1.218","bc9hr80gw4q3fzx",713,"52.csv","","null","resources/maskTrios/BBA2.jpg","null","",NA,NA,NA,NA,""
"image-keyboard-response",667,3723591,"0.0-3.218-2.218","bc9hr80gw4q3fzx",713,"52.csv","","null","resources/images/coin2.png","null","",NA,NA,NA,NA,""
"image-keyboard-response",668,3723817,"0.0-3.219-0.219","bc9hr80gw4q3fzx",713,"52.csv","","224.29999999701977","resources/trios/L4T4A2.jpg","37","restless",0.5,0.4,0.6,0.884024896982445,"false"
"image-keyboard-response",669,3724221,"0.0-3.219-1.219","bc9hr80gw4q3fzx",713,"52.csv","","null","resources/maskTrios/L4BB.jpg","null","",NA,NA,NA,NA,""
"image-keyboard-response",670,3725427,"0.0-3.219-2.219","bc9hr80gw4q3fzx",713,"52.csv","","null","resources/images/fishbone.png","null","",NA,NA,NA,NA,""
"image-keyboard-response",671,3725486,"0.0-3.220-0.220","bc9hr80gw4q3fzx",713,"52.csv","","57","resources/trios/L1T1A2.jpg","38","restless",0.5,0.4,0.6,0.693908344826154,"false"
"image-keyboard-response",672,3725890,"0.0-3.220-1.220","bc9hr80gw4q3fzx",713,"52.csv","","null","resources/maskTrios/BT1B.jpg","null","",NA,NA,NA,NA,""
"image-keyboard-response",673,3727094,"0.0-3.220-2.220","bc9hr80gw4q3fzx",713,"52.csv","","null","resources/images/fishbone.png","null","",NA,NA,NA,NA,""
"image-keyboard-response",674,3727707,"0.0-3.221-0.221","bc9hr80gw4q3fzx",713,"52.csv","","611","resources/trios/L4T4A1.jpg","39","restless",0.5,0.4,0.6,0.660615168143442,"false"
"image-keyboard-response",675,3728109,"0.0-3.221-1.221","bc9hr80gw4q3fzx",713,"52.csv","","null","resources/maskTrios/BBA1.jpg","null","",NA,NA,NA,NA,""
"image-keyboard-response",676,3729315,"0.0-3.221-2.221","bc9hr80gw4q3fzx",713,"52.csv","","null","resources/images/fishbone.png","null","",NA,NA,NA,NA,""
"image-keyboard-response",677,3731113,"0.0-3.222-0.222","bc9hr80gw4q3fzx",713,"52.csv","","1795.2000000029802","resources/trios/L1T1A1.jpg","37","restless",0.5,0.4,0.6,0.48062356275629,"true"
"image-keyboard-response",678,3731515,"0.0-3.222-1.222","bc9hr80gw4q3fzx",713,"52.csv","","null","resources/maskTrios/L1BB.jpg","null","",NA,NA,NA,NA,""
"image-keyboard-response",679,3732721,"0.0-3.222-2.222","bc9hr80gw4q3fzx",713,"52.csv","","null","resources/images/coin2.png","null","",NA,NA,NA,NA,""
"image-keyboard-response",680,3733173,"0.0-3.223-0.223","bc9hr80gw4q3fzx",713,"52.csv","","450.29999999701977","resources/trios/L4T4A2.jpg","39","restless",0.5,0.4,0.5,0.871216200903029,"false"
"image-keyboard-response",681,3733579,"0.0-3.223-1.223","bc9hr80gw4q3fzx",713,"52.csv","","null","resources/maskTrios/BBA2.jpg","null","",NA,NA,NA,NA,""
"image-keyboard-response",682,3734781,"0.0-3.223-2.223","bc9hr80gw4q3fzx",713,"52.csv","","null","resources/images/fishbone.png","null","",NA,NA,NA,NA,""
"image-keyboard-response",683,3735050,"0.0-3.224-0.224","bc9hr80gw4q3fzx",713,"52.csv","","267.20000000298023","resources/trios/L1T1A1.jpg","37","restless",0.5,0.4,0.5,0.976784153431845,"false"
"image-keyboard-response",684,3735453,"0.0-3.224-1.224","bc9hr80gw4q3fzx",713,"52.csv","","null","resources/maskTrios/L1BB.jpg","null","",NA,NA,NA,NA,""
"image-keyboard-response",685,3736657,"0.0-3.224-2.224","bc9hr80gw4q3fzx",713,"52.csv","","null","resources/images/fishbone.png","null","",NA,NA,NA,NA,""
"image-keyboard-response",686,3736910,"0.0-3.225-0.225","bc9hr80gw4q3fzx",713,"52.csv","","250.70000000298023","resources/trios/L4T1A1.jpg","38","restless",0.5,0.4,0.5,0.500677527853345,"false"
"image-keyboard-response",687,3737313,"0.0-3.225-1.225","bc9hr80gw4q3fzx",713,"52.csv","","null","resources/maskTrios/BT1B.jpg","null","",NA,NA,NA,NA,""
"image-keyboard-response",688,3738518,"0.0-3.225-2.225","bc9hr80gw4q3fzx",713,"52.csv","","null","resources/images/fishbone.png","null","",NA,NA,NA,NA,""
"image-keyboard-response",689,3738643,"0.0-3.226-0.226","bc9hr80gw4q3fzx",713,"52.csv","","124.1000000089407","resources/trios/L1T1A1.jpg","39","restless",0.5,0.4,0.5,0.0804656637716625,"true"
"image-keyboard-response",690,3739050,"0.0-3.226-1.226","bc9hr80gw4q3fzx",713,"52.csv","","null","resources/maskTrios/BBA1.jpg","null","",NA,NA,NA,NA,""
"image-keyboard-response",691,3740256,"0.0-3.226-2.226","bc9hr80gw4q3fzx",713,"52.csv","","null","resources/images/coin2.png","null","",NA,NA,NA,NA,""
"image-keyboard-response",692,3740470,"0.0-3.227-0.227","bc9hr80gw4q3fzx",713,"52.csv","","212.70000000298023","resources/trios/L4T1A1.jpg","38","restless",0.5,0.4,0.5,0.61819690054654,"false"
"image-keyboard-response",693,3740873,"0.0-3.227-1.227","bc9hr80gw4q3fzx",713,"52.csv","","null","resources/maskTrios/BT1B.jpg","null","",NA,NA,NA,NA,""
"image-keyboard-response",694,3742079,"0.0-3.227-2.227","bc9hr80gw4q3fzx",713,"52.csv","","null","resources/images/fishbone.png","null","",NA,NA,NA,NA,""
"image-keyboard-response",695,3742417,"0.0-3.228-0.228","bc9hr80gw4q3fzx",713,"52.csv","","337","resources/trios/L1T1A2.jpg","37","restless",0.4,0.4,0.5,0.281524966192884,"true"
"image-keyboard-response",696,3742822,"0.0-3.228-1.228","bc9hr80gw4q3fzx",713,"52.csv","","null","resources/maskTrios/L1BB.jpg","null","",NA,NA,NA,NA,""
"image-keyboard-response",697,3744025,"0.0-3.228-2.228","bc9hr80gw4q3fzx",713,"52.csv","","null","resources/images/coin2.png","null","",NA,NA,NA,NA,""
"image-keyboard-response",698,3744376,"0.0-3.229-0.229","bc9hr80gw4q3fzx",713,"52.csv","","349.1000000089407","resources/trios/L4T1A1.jpg","39","restless",0.3,0.5,0.5,0.976035636035012,"false"
"image-keyboard-response",699,3744783,"0.0-3.229-1.229","bc9hr80gw4q3fzx",713,"52.csv","","null","resources/maskTrios/BBA1.jpg","null","",NA,NA,NA,NA,""
"image-keyboard-response",700,3745984,"0.0-3.229-2.229","bc9hr80gw4q3fzx",713,"52.csv","","null","resources/images/fishbone.png","null","",NA,NA,NA,NA,""
"image-keyboard-response",701,3746238,"0.0-3.230-0.230","bc9hr80gw4q3fzx",713,"52.csv","","252.09999999403954","resources/trios/L4T4A1.jpg","37","restless",0.3,0.5,0.5,0.465119268013802,"false"
"image-keyboard-response",702,3746642,"0.0-3.230-1.230","bc9hr80gw4q3fzx",713,"52.csv","","null","resources/maskTrios/L4BB.jpg","null","",NA,NA,NA,NA,""
"image-keyboard-response",703,3747845,"0.0-3.230-2.230","bc9hr80gw4q3fzx",713,"52.csv","","null","resources/images/fishbone.png","null","",NA,NA,NA,NA,""
"image-keyboard-response",704,3748146,"0.0-3.231-0.231","bc9hr80gw4q3fzx",713,"52.csv","","299.6000000089407","resources/trios/L4T1A2.jpg","37","restless",0.3,0.5,0.5,0.290456047931799,"true"
"image-keyboard-response",705,3748550,"0.0-3.231-1.231","bc9hr80gw4q3fzx",713,"52.csv","","null","resources/maskTrios/L4BB.jpg","null","",NA,NA,NA,NA,""
"image-keyboard-response",706,3749756,"0.0-3.231-2.231","bc9hr80gw4q3fzx",713,"52.csv","","null","resources/images/coin2.png","null","",NA,NA,NA,NA,""
"image-keyboard-response",707,3750057,"0.0-3.232-0.232","bc9hr80gw4q3fzx",713,"52.csv","","299.5","resources/trios/L1T4A1.jpg","38","restless",0.3,0.5,0.5,0.509398207946409,"false"
"image-keyboard-response",708,3750461,"0.0-3.232-1.232","bc9hr80gw4q3fzx",713,"52.csv","","null","resources/maskTrios/BT4B.jpg","null","",NA,NA,NA,NA,""
"image-keyboard-response",709,3751667,"0.0-3.232-2.232","bc9hr80gw4q3fzx",713,"52.csv","","null","resources/images/fishbone.png","null","",NA,NA,NA,NA,""
"image-keyboard-response",710,3751918,"0.0-3.233-0.233","bc9hr80gw4q3fzx",713,"52.csv","","248.59999999403954","resources/trios/L1T4A1.jpg","37","restless",0.3,0.5,0.5,0.430364817948435,"false"
"image-keyboard-response",711,3752321,"0.0-3.233-1.233","bc9hr80gw4q3fzx",713,"52.csv","","null","resources/maskTrios/L1BB.jpg","null","",NA,NA,NA,NA,""
"image-keyboard-response",712,3753524,"0.0-3.233-2.233","bc9hr80gw4q3fzx",713,"52.csv","","null","resources/images/fishbone.png","null","",NA,NA,NA,NA,""
"image-keyboard-response",713,3753725,"0.0-3.234-0.234","bc9hr80gw4q3fzx",713,"52.csv","","199.40000000596046","resources/trios/L4T1A2.jpg","37","restless",0.3,0.5,0.5,0.133477875271623,"true"
"image-keyboard-response",714,3754131,"0.0-3.234-1.234","bc9hr80gw4q3fzx",713,"52.csv","","null","resources/maskTrios/L4BB.jpg","null","",NA,NA,NA,NA,""
"image-keyboard-response",715,3755338,"0.0-3.234-2.234","bc9hr80gw4q3fzx",713,"52.csv","","null","resources/images/coin2.png","null","",NA,NA,NA,NA,""
"image-keyboard-response",716,3755519,"0.0-3.235-0.235","bc9hr80gw4q3fzx",713,"52.csv","","179.6000000089407","resources/trios/L4T4A1.jpg","37","restless",0.3,0.5,0.5,0.986632639428186,"false"
"image-keyboard-response",717,3755923,"0.0-3.235-1.235","bc9hr80gw4q3fzx",713,"52.csv","","null","resources/maskTrios/L4BB.jpg","null","",NA,NA,NA,NA,""
"image-keyboard-response",718,3757129,"0.0-3.235-2.235","bc9hr80gw4q3fzx",713,"52.csv","","null","resources/images/fishbone.png","null","",NA,NA,NA,NA,""
"image-keyboard-response",719,3757392,"0.0-3.236-0.236","bc9hr80gw4q3fzx",713,"52.csv","","260.59999999403954","resources/trios/L4T4A2.jpg","37","restless",0.3,0.5,0.5,0.916380944135692,"false"
"image-keyboard-response",720,3757797,"0.0-3.236-1.236","bc9hr80gw4q3fzx",713,"52.csv","","null","resources/maskTrios/L4BB.jpg","null","",NA,NA,NA,NA,""
"image-keyboard-response",721,3758998,"0.0-3.236-2.236","bc9hr80gw4q3fzx",713,"52.csv","","null","resources/images/fishbone.png","null","",NA,NA,NA,NA,""
"image-keyboard-response",722,3759195,"0.0-3.237-0.237","bc9hr80gw4q3fzx",713,"52.csv","","194.90000000596046","resources/trios/L1T1A1.jpg","39","restless",0.3,0.5,0.5,0.765886457267187,"false"
"image-keyboard-response",723,3759600,"0.0-3.237-1.237","bc9hr80gw4q3fzx",713,"52.csv","","null","resources/maskTrios/BBA1.jpg","null","",NA,NA,NA,NA,""
"image-keyboard-response",724,3760802,"0.0-3.237-2.237","bc9hr80gw4q3fzx",713,"52.csv","","null","resources/images/fishbone.png","null","",NA,NA,NA,NA,""
"image-keyboard-response",725,3761101,"0.0-3.238-0.238","bc9hr80gw4q3fzx",713,"52.csv","","297.1000000089407","resources/trios/L1T1A2.jpg","38","restless",0.2,0.4,0.5,0.387650481062632,"true"
"image-keyboard-response",726,3761506,"0.0-3.238-1.238","bc9hr80gw4q3fzx",713,"52.csv","","null","resources/maskTrios/BT1B.jpg","null","",NA,NA,NA,NA,""
"image-keyboard-response",727,3762711,"0.0-3.238-2.238","bc9hr80gw4q3fzx",713,"52.csv","","null","resources/images/coin2.png","null","",NA,NA,NA,NA,""
"image-keyboard-response",728,3763661,"0.0-3.239-0.239","bc9hr80gw4q3fzx",713,"52.csv","","948.7000000029802","resources/trios/L4T4A1.jpg","37","restless",0.2,0.4,0.5,0.66666823000297,"false"
"image-keyboard-response",729,3764066,"0.0-3.239-1.239","bc9hr80gw4q3fzx",713,"52.csv","","null","resources/maskTrios/L4BB.jpg","null","",NA,NA,NA,NA,""
"image-keyboard-response",730,3765269,"0.0-3.239-2.239","bc9hr80gw4q3fzx",713,"52.csv","","null","resources/images/fishbone.png","null","",NA,NA,NA,NA,""
"image-keyboard-response",731,3765524,"0.0-3.240-0.240","bc9hr80gw4q3fzx",713,"52.csv","","253.09999999403954","resources/trios/L4T4A2.jpg","38","restless",0.1,0.4,0.5,0.743135049778175,"false"
"image-keyboard-response",732,3765929,"0.0-3.240-1.240","bc9hr80gw4q3fzx",713,"52.csv","","null","resources/maskTrios/BT4B.jpg","null","",NA,NA,NA,NA,""
"image-keyboard-response",733,3767131,"0.0-3.240-2.240","bc9hr80gw4q3fzx",713,"52.csv","","null","resources/images/fishbone.png","null","",NA,NA,NA,NA,""
"image-keyboard-response",734,3767296,"0.0-3.241-0.241","bc9hr80gw4q3fzx",713,"52.csv","","163.3999999910593","resources/trios/L4T4A2.jpg","39","restless",0.1,0.4,0.5,0.229800118270597,"true"
"image-keyboard-response",735,3767703,"0.0-3.241-1.241","bc9hr80gw4q3fzx",713,"52.csv","","null","resources/maskTrios/BBA2.jpg","null","",NA,NA,NA,NA,""
"image-keyboard-response",736,3768908,"0.0-3.241-2.241","bc9hr80gw4q3fzx",713,"52.csv","","null","resources/images/coin2.png","null","",NA,NA,NA,NA,""
"image-keyboard-response",737,3769195,"0.0-3.242-0.242","bc9hr80gw4q3fzx",713,"52.csv","","285.3999999910593","resources/trios/L4T1A1.jpg","39","restless",0.2,0.4,0.5,0.341312481733912,"true"
"image-keyboard-response",738,3769598,"0.0-3.242-1.242","bc9hr80gw4q3fzx",713,"52.csv","","null","resources/maskTrios/BBA1.jpg","null","",NA,NA,NA,NA,""
"image-keyboard-response",739,3770802,"0.0-3.242-2.242","bc9hr80gw4q3fzx",713,"52.csv","","null","resources/images/coin2.png","null","",NA,NA,NA,NA,""
"image-keyboard-response",740,3773034,"0.0-3.243-0.243","bc9hr80gw4q3fzx",713,"52.csv","","2229.9000000059605","resources/trios/L4T4A1.jpg","38","restless",0.2,0.4,0.5,0.83086529273963,"false"
"image-keyboard-response",741,3773437,"0.0-3.243-1.243","bc9hr80gw4q3fzx",713,"52.csv","","null","resources/maskTrios/BT4B.jpg","null","",NA,NA,NA,NA,""
"image-keyboard-response",742,3774640,"0.0-3.243-2.243","bc9hr80gw4q3fzx",713,"52.csv","","null","resources/images/fishbone.png","null","",NA,NA,NA,NA,""
"image-keyboard-response",743,3774933,"0.0-3.244-0.244","bc9hr80gw4q3fzx",713,"52.csv","","291.3999999910593","resources/trios/L1T1A1.jpg","39","restless",0.2,0.4,0.5,0.891365288855586,"false"
"image-keyboard-response",744,3775338,"0.0-3.244-1.244","bc9hr80gw4q3fzx",713,"52.csv","","null","resources/maskTrios/BBA1.jpg","null","",NA,NA,NA,NA,""
"image-keyboard-response",745,3776541,"0.0-3.244-2.244","bc9hr80gw4q3fzx",713,"52.csv","","null","resources/images/fishbone.png","null","",NA,NA,NA,NA,""
"image-keyboard-response",746,3776699,"0.0-3.245-0.245","bc9hr80gw4q3fzx",713,"52.csv","","157.09999999403954","resources/trios/L1T1A1.jpg","39","restless",0.2,0.4,0.5,0.00833612898515246,"true"
"image-keyboard-response",747,3777105,"0.0-3.245-1.245","bc9hr80gw4q3fzx",713,"52.csv","","null","resources/maskTrios/BBA1.jpg","null","",NA,NA,NA,NA,""
"image-keyboard-response",748,3778311,"0.0-3.245-2.245","bc9hr80gw4q3fzx",713,"52.csv","","null","resources/images/coin2.png","null","",NA,NA,NA,NA,""
"image-keyboard-response",749,3778536,"0.0-3.246-0.246","bc9hr80gw4q3fzx",713,"52.csv","","223.09999999403954","resources/trios/L1T1A1.jpg","37","restless",0.2,0.4,0.5,0.968347493222626,"false"
"image-keyboard-response",750,3778940,"0.0-3.246-1.246","bc9hr80gw4q3fzx",713,"52.csv","","null","resources/maskTrios/L1BB.jpg","null","",NA,NA,NA,NA,""
"image-keyboard-response",751,3780146,"0.0-3.246-2.246","bc9hr80gw4q3fzx",713,"52.csv","","null","resources/images/fishbone.png","null","",NA,NA,NA,NA,""
"image-keyboard-response",752,3780380,"0.0-3.247-0.247","bc9hr80gw4q3fzx",713,"52.csv","","232","resources/trios/L1T1A1.jpg","39","restless",0.1,0.4,0.5,0.408945787229058,"true"
"image-keyboard-response",753,3780786,"0.0-3.247-1.247","bc9hr80gw4q3fzx",713,"52.csv","","null","resources/maskTrios/BBA1.jpg","null","",NA,NA,NA,NA,""
"image-keyboard-response",754,3781990,"0.0-3.247-2.247","bc9hr80gw4q3fzx",713,"52.csv","","null","resources/images/coin2.png","null","",NA,NA,NA,NA,""
"image-keyboard-response",755,3782254,"0.0-3.248-0.248","bc9hr80gw4q3fzx",713,"52.csv","","262","resources/trios/L4T4A1.jpg","38","restless",0.1,0.4,0.5,0.424909547815412,"false"
"image-keyboard-response",756,3782657,"0.0-3.248-1.248","bc9hr80gw4q3fzx",713,"52.csv","","null","resources/maskTrios/BT4B.jpg","null","",NA,NA,NA,NA,""
"image-keyboard-response",757,3783861,"0.0-3.248-2.248","bc9hr80gw4q3fzx",713,"52.csv","","null","resources/images/fishbone.png","null","",NA,NA,NA,NA,""
"image-keyboard-response",758,3784048,"0.0-3.249-0.249","bc9hr80gw4q3fzx",713,"52.csv","","185.30000001192093","resources/trios/L1T4A2.jpg","39","restless",0.1,0.4,0.5,0.187340772782667,"true"
"image-keyboard-response",759,3784454,"0.0-3.249-1.249","bc9hr80gw4q3fzx",713,"52.csv","","null","resources/maskTrios/BBA2.jpg","null","",NA,NA,NA,NA,""
"image-keyboard-response",760,3785660,"0.0-3.249-2.249","bc9hr80gw4q3fzx",713,"52.csv","","null","resources/images/coin2.png","null","",NA,NA,NA,NA,""
"image-keyboard-response",761,3785893,"0.0-3.250-0.250","bc9hr80gw4q3fzx",713,"52.csv","","231","resources/trios/L1T4A1.jpg","39","restless",0.1,0.4,0.5,0.0989371595799762,"true"
"image-keyboard-response",762,3786297,"0.0-3.250-1.250","bc9hr80gw4q3fzx",713,"52.csv","","null","resources/maskTrios/BBA1.jpg","null","",NA,NA,NA,NA,""
"image-keyboard-response",763,3787500,"0.0-3.250-2.250","bc9hr80gw4q3fzx",713,"52.csv","","null","resources/images/coin2.png","null","",NA,NA,NA,NA,""
"image-keyboard-response",764,3788221,"0.0-3.251-0.251","bc9hr80gw4q3fzx",713,"52.csv","","719.2000000029802","resources/trios/L1T1A2.jpg","38","restless",0.1,0.4,0.4,0.676667207405744,"false"
"image-keyboard-response",765,3788628,"0.0-3.251-1.251","bc9hr80gw4q3fzx",713,"52.csv","","null","resources/maskTrios/BT1B.jpg","null","",NA,NA,NA,NA,""
"image-keyboard-response",766,3789831,"0.0-3.251-2.251","bc9hr80gw4q3fzx",713,"52.csv","","null","resources/images/fishbone.png","null","",NA,NA,NA,NA,""
"image-keyboard-response",767,3790059,"0.0-3.252-0.252","bc9hr80gw4q3fzx",713,"52.csv","","226.29999999701977","resources/trios/L4T4A2.jpg","39","restless",0.1,0.4,0.4,0.939129927296957,"false"
"image-keyboard-response",768,3790463,"0.0-3.252-1.252","bc9hr80gw4q3fzx",713,"52.csv","","null","resources/maskTrios/BBA2.jpg","null","",NA,NA,NA,NA,""
"image-keyboard-response",769,3791669,"0.0-3.252-2.252","bc9hr80gw4q3fzx",713,"52.csv","","null","resources/images/fishbone.png","null","",NA,NA,NA,NA,""
"image-keyboard-response",770,3791729,"0.0-3.253-0.253","bc9hr80gw4q3fzx",713,"52.csv","","58","resources/trios/L1T4A1.jpg","39","restless",0.1,0.4,0.4,0.135810489939947,"true"
"image-keyboard-response",771,3792133,"0.0-3.253-1.253","bc9hr80gw4q3fzx",713,"52.csv","","null","resources/maskTrios/BBA1.jpg","null","",NA,NA,NA,NA,""
"image-keyboard-response",772,3793337,"0.0-3.253-2.253","bc9hr80gw4q3fzx",713,"52.csv","","null","resources/images/coin2.png","null","",NA,NA,NA,NA,""
"image-keyboard-response",773,3793555,"0.0-3.254-0.254","bc9hr80gw4q3fzx",713,"52.csv","","215.90000000596046","resources/trios/L4T1A1.jpg","39","restless",0.2,0.4,0.4,0.267135212472449,"true"
"image-keyboard-response",774,3793960,"0.0-3.254-1.254","bc9hr80gw4q3fzx",713,"52.csv","","null","resources/maskTrios/BBA1.jpg","null","",NA,NA,NA,NA,""
"image-keyboard-response",775,3795162,"0.0-3.254-2.254","bc9hr80gw4q3fzx",713,"52.csv","","null","resources/images/coin2.png","null","",NA,NA,NA,NA,""
"image-keyboard-response",776,3796078,"0.0-3.255-0.255","bc9hr80gw4q3fzx",713,"52.csv","","913.6000000089407","resources/trios/L4T4A2.jpg","39","restless",0.2,0.5,0.4,0.402281248208215,"false"
"image-keyboard-response",777,3796481,"0.0-3.255-1.255","bc9hr80gw4q3fzx",713,"52.csv","","null","resources/maskTrios/BBA2.jpg","null","",NA,NA,NA,NA,""
"image-keyboard-response",778,3797686,"0.0-3.255-2.255","bc9hr80gw4q3fzx",713,"52.csv","","null","resources/images/fishbone.png","null","",NA,NA,NA,NA,""
"image-keyboard-response",779,3797953,"0.0-3.256-0.256","bc9hr80gw4q3fzx",713,"52.csv","","265.29999999701977","resources/trios/L4T4A2.jpg","39","restless",0.2,0.6,0.4,0.800427585194617,"false"
"image-keyboard-response",780,3798356,"0.0-3.256-1.256","bc9hr80gw4q3fzx",713,"52.csv","","null","resources/maskTrios/BBA2.jpg","null","",NA,NA,NA,NA,""
"image-keyboard-response",781,3799562,"0.0-3.256-2.256","bc9hr80gw4q3fzx",713,"52.csv","","null","resources/images/fishbone.png","null","",NA,NA,NA,NA,""
"image-keyboard-response",782,3799803,"0.0-3.257-0.257","bc9hr80gw4q3fzx",713,"52.csv","","239","resources/trios/L1T4A1.jpg","37","restless",0.2,0.6,0.4,0.428149648222625,"false"
"image-keyboard-response",783,3800206,"0.0-3.257-1.257","bc9hr80gw4q3fzx",713,"52.csv","","null","resources/maskTrios/L1BB.jpg","null","",NA,NA,NA,NA,""
"image-keyboard-response",784,3801409,"0.0-3.257-2.257","bc9hr80gw4q3fzx",713,"52.csv","","null","resources/images/fishbone.png","null","",NA,NA,NA,NA,""
"image-keyboard-response",785,3801475,"0.0-3.258-0.258","bc9hr80gw4q3fzx",713,"52.csv","","64","resources/trios/L4T4A2.jpg","39","restless",0.2,0.6,0.3,0.740504058251055,"false"
"image-keyboard-response",786,3801879,"0.0-3.258-1.258","bc9hr80gw4q3fzx",713,"52.csv","","null","resources/maskTrios/BBA2.jpg","null","",NA,NA,NA,NA,""
"image-keyboard-response",787,3803084,"0.0-3.258-2.258","bc9hr80gw4q3fzx",713,"52.csv","","null","resources/images/fishbone.png","null","",NA,NA,NA,NA,""
"image-keyboard-response",788,3803359,"0.0-3.259-0.259","bc9hr80gw4q3fzx",713,"52.csv","","273","resources/trios/L4T1A1.jpg","38","restless",0.2,0.7,0.3,0.742698297097048,"false"
"image-keyboard-response",789,3803763,"0.0-3.259-1.259","bc9hr80gw4q3fzx",713,"52.csv","","null","resources/maskTrios/BT1B.jpg","null","",NA,NA,NA,NA,""
"image-keyboard-response",790,3804965,"0.0-3.259-2.259","bc9hr80gw4q3fzx",713,"52.csv","","null","resources/images/fishbone.png","null","",NA,NA,NA,NA,""
"image-keyboard-response",791,3805464,"0.0-3.260-0.260","bc9hr80gw4q3fzx",713,"52.csv","","497.20000000298023","resources/trios/L4T4A1.jpg","39","restless",0.2,0.7,0.3,0.0324497369800401,"true"
"image-keyboard-response",792,3805868,"0.0-3.260-1.260","bc9hr80gw4q3fzx",713,"52.csv","","null","resources/maskTrios/BBA1.jpg","null","",NA,NA,NA,NA,""
"image-keyboard-response",793,3807074,"0.0-3.260-2.260","bc9hr80gw4q3fzx",713,"52.csv","","null","resources/images/coin2.png","null","",NA,NA,NA,NA,""
"image-keyboard-response",794,3807196,"0.0-3.261-0.261","bc9hr80gw4q3fzx",713,"52.csv","","119.59999999403954","resources/trios/L1T1A1.jpg","39","restless",0.2,0.7,0.3,0.296377563345313,"true"
"image-keyboard-response",795,3807600,"0.0-3.261-1.261","bc9hr80gw4q3fzx",713,"52.csv","","null","resources/maskTrios/BBA1.jpg","null","",NA,NA,NA,NA,""
"image-keyboard-response",796,3808802,"0.0-3.261-2.261","bc9hr80gw4q3fzx",713,"52.csv","","null","resources/images/coin2.png","null","",NA,NA,NA,NA,""
"image-keyboard-response",797,3809279,"0.0-3.262-0.262","bc9hr80gw4q3fzx",713,"52.csv","","475.29999999701977","resources/trios/L1T1A1.jpg","37","restless",0.2,0.7,0.3,0.593677716376606,"false"
"image-keyboard-response",798,3809683,"0.0-3.262-1.262","bc9hr80gw4q3fzx",713,"52.csv","","null","resources/maskTrios/L1BB.jpg","null","",NA,NA,NA,NA,""
"image-keyboard-response",799,3810886,"0.0-3.262-2.262","bc9hr80gw4q3fzx",713,"52.csv","","null","resources/images/fishbone.png","null","",NA,NA,NA,NA,""
"image-keyboard-response",800,3811119,"0.0-3.263-0.263","bc9hr80gw4q3fzx",713,"52.csv","","230.5","resources/trios/L4T4A2.jpg","38","restless",0.2,0.7,0.3,0.207941314513315,"true"
"image-keyboard-response",801,3811523,"0.0-3.263-1.263","bc9hr80gw4q3fzx",713,"52.csv","","null","resources/maskTrios/BT4B.jpg","null","",NA,NA,NA,NA,""
"image-keyboard-response",802,3812729,"0.0-3.263-2.263","bc9hr80gw4q3fzx",713,"52.csv","","null","resources/images/coin2.png","null","",NA,NA,NA,NA,""
"image-keyboard-response",803,3812900,"0.0-3.264-0.264","bc9hr80gw4q3fzx",713,"52.csv","","169.3999999910593","resources/trios/L1T1A2.jpg","38","restless",0.2,0.7,0.3,0.275667205666214,"true"
"image-keyboard-response",804,3813302,"0.0-3.264-1.264","bc9hr80gw4q3fzx",713,"52.csv","","null","resources/maskTrios/BT1B.jpg","null","",NA,NA,NA,NA,""
"image-keyboard-response",805,3814505,"0.0-3.264-2.264","bc9hr80gw4q3fzx",713,"52.csv","","null","resources/images/coin2.png","null","",NA,NA,NA,NA,""
"image-keyboard-response",806,3814725,"0.0-3.265-0.265","bc9hr80gw4q3fzx",713,"52.csv","","218.5","resources/trios/L1T1A2.jpg","39","restless",0.2,0.6,0.3,0.785235141683704,"false"
"image-keyboard-response",807,3815130,"0.0-3.265-1.265","bc9hr80gw4q3fzx",713,"52.csv","","null","resources/maskTrios/BBA2.jpg","null","",NA,NA,NA,NA,""
"image-keyboard-response",808,3816335,"0.0-3.265-2.265","bc9hr80gw4q3fzx",713,"52.csv","","null","resources/images/fishbone.png","null","",NA,NA,NA,NA,""
"image-keyboard-response",809,3816598,"0.0-3.266-0.266","bc9hr80gw4q3fzx",713,"52.csv","","260.69999998807907","resources/trios/L1T1A1.jpg","37","restless",0.2,0.6,0.3,0.107919657909382,"true"
"image-keyboard-response",810,3817001,"0.0-3.266-1.266","bc9hr80gw4q3fzx",713,"52.csv","","null","resources/maskTrios/L1BB.jpg","null","",NA,NA,NA,NA,""
"image-keyboard-response",811,3818206,"0.0-3.266-2.266","bc9hr80gw4q3fzx",713,"52.csv","","null","resources/images/coin2.png","null","",NA,NA,NA,NA,""
"image-keyboard-response",812,3818249,"0.0-3.267-0.267","bc9hr80gw4q3fzx",713,"52.csv","","41.29999999701977","resources/trios/L1T4A1.jpg","37","restless",0.1,0.6,0.3,0.779017801301119,"false"
"image-keyboard-response",813,3818653,"0.0-3.267-1.267","bc9hr80gw4q3fzx",713,"52.csv","","null","resources/maskTrios/L1BB.jpg","null","",NA,NA,NA,NA,""
"image-keyboard-response",814,3819857,"0.0-3.267-2.267","bc9hr80gw4q3fzx",713,"52.csv","","null","resources/images/fishbone.png","null","",NA,NA,NA,NA,""
"image-keyboard-response",815,3820054,"0.0-3.268-0.268","bc9hr80gw4q3fzx",713,"52.csv","","195.09999999403954","resources/trios/L4T4A2.jpg","39","restless",0.1,0.5,0.3,0.183732206158939,"true"
"image-keyboard-response",816,3820458,"0.0-3.268-1.268","bc9hr80gw4q3fzx",713,"52.csv","","null","resources/maskTrios/BBA2.jpg","null","",NA,NA,NA,NA,""
"image-keyboard-response",817,3821665,"0.0-3.268-2.268","bc9hr80gw4q3fzx",713,"52.csv","","null","resources/images/coin2.png","null","",NA,NA,NA,NA,""
"image-keyboard-response",818,3821756,"0.0-3.269-0.269","bc9hr80gw4q3fzx",713,"52.csv","","89.29999999701977","resources/trios/L1T1A1.jpg","39","restless",0,0.5,0.3,0.90590843415394,"false"
"image-keyboard-response",819,3822161,"0.0-3.269-1.269","bc9hr80gw4q3fzx",713,"52.csv","","null","resources/maskTrios/BBA1.jpg","null","",NA,NA,NA,NA,""
"image-keyboard-response",820,3823366,"0.0-3.269-2.269","bc9hr80gw4q3fzx",713,"52.csv","","null","resources/images/fishbone.png","null","",NA,NA,NA,NA,""
"image-keyboard-response",821,3823556,"0.0-3.270-0.270","bc9hr80gw4q3fzx",713,"52.csv","","188","resources/trios/L4T4A1.jpg","39","restless",0,0.5,0.3,0.900224884961323,"false"
"image-keyboard-response",822,3823961,"0.0-3.270-1.270","bc9hr80gw4q3fzx",713,"52.csv","","null","resources/maskTrios/BBA1.jpg","null","",NA,NA,NA,NA,""
"image-keyboard-response",823,3825167,"0.0-3.270-2.270","bc9hr80gw4q3fzx",713,"52.csv","","null","resources/images/fishbone.png","null","",NA,NA,NA,NA,""
"image-keyboard-response",824,3825411,"0.0-3.271-0.271","bc9hr80gw4q3fzx",713,"52.csv","","242","resources/trios/L4T4A2.jpg","38","restless",0,0.6,0.3,0.145133775551316,"true"
"image-keyboard-response",825,3825815,"0.0-3.271-1.271","bc9hr80gw4q3fzx",713,"52.csv","","null","resources/maskTrios/BT4B.jpg","null","",NA,NA,NA,NA,""
"image-keyboard-response",826,3827021,"0.0-3.271-2.271","bc9hr80gw4q3fzx",713,"52.csv","","null","resources/images/coin2.png","null","",NA,NA,NA,NA,""
"image-keyboard-response",827,3827129,"0.0-3.272-0.272","bc9hr80gw4q3fzx",713,"52.csv","","105.29999999701977","resources/trios/L4T4A1.jpg","39","restless",0,0.6,0.4,0.599876893981516,"false"
"image-keyboard-response",828,3827532,"0.0-3.272-1.272","bc9hr80gw4q3fzx",713,"52.csv","","null","resources/maskTrios/BBA1.jpg","null","",NA,NA,NA,NA,""
"image-keyboard-response",829,3828734,"0.0-3.272-2.272","bc9hr80gw4q3fzx",713,"52.csv","","null","resources/images/fishbone.png","null","",NA,NA,NA,NA,""
"image-keyboard-response",830,3829053,"0.0-3.273-0.273","bc9hr80gw4q3fzx",713,"52.csv","","317.09999999403954","resources/trios/L4T1A1.jpg","38","restless",0,0.6,0.4,0.109997807581805,"true"
"image-keyboard-response",831,3829460,"0.0-3.273-1.273","bc9hr80gw4q3fzx",713,"52.csv","","null","resources/maskTrios/BT1B.jpg","null","",NA,NA,NA,NA,""
"image-keyboard-response",832,3830663,"0.0-3.273-2.273","bc9hr80gw4q3fzx",713,"52.csv","","null","resources/images/coin2.png","null","",NA,NA,NA,NA,""
"image-keyboard-response",833,3830721,"0.0-3.274-0.274","bc9hr80gw4q3fzx",713,"52.csv","","56.20000000298023","resources/trios/L1T1A2.jpg","38","restless",0,0.6,0.4,0.542340249519866,"true"
"image-keyboard-response",834,3831124,"0.0-3.274-1.274","bc9hr80gw4q3fzx",713,"52.csv","","null","resources/maskTrios/BT1B.jpg","null","",NA,NA,NA,NA,""
"image-keyboard-response",835,3832330,"0.0-3.274-2.274","bc9hr80gw4q3fzx",713,"52.csv","","null","resources/images/coin2.png","null","",NA,NA,NA,NA,""
"image-keyboard-response",836,3833034,"0.0-3.275-0.275","bc9hr80gw4q3fzx",713,"52.csv","","701.6999999880791","resources/trios/L1T1A1.jpg","37","restless",0,0.7,0.4,0.910368205765193,"false"
"image-keyboard-response",837,3833437,"0.0-3.275-1.275","bc9hr80gw4q3fzx",713,"52.csv","","null","resources/maskTrios/L1BB.jpg","null","",NA,NA,NA,NA,""
"image-keyboard-response",838,3834639,"0.0-3.275-2.275","bc9hr80gw4q3fzx",713,"52.csv","","null","resources/images/fishbone.png","null","",NA,NA,NA,NA,""
"image-keyboard-response",839,3834832,"0.0-3.276-0.276","bc9hr80gw4q3fzx",713,"52.csv","","192.5","resources/trios/L4T4A2.jpg","39","restless",0,0.7,0.4,0.256729095043052,"true"
"image-keyboard-response",840,3835237,"0.0-3.276-1.276","bc9hr80gw4q3fzx",713,"52.csv","","null","resources/maskTrios/BBA2.jpg","null","",NA,NA,NA,NA,""
"image-keyboard-response",841,3836442,"0.0-3.276-2.276","bc9hr80gw4q3fzx",713,"52.csv","","null","resources/images/coin2.png","null","",NA,NA,NA,NA,""
"image-keyboard-response",842,3836567,"0.0-3.277-0.277","bc9hr80gw4q3fzx",713,"52.csv","","122.70000000298023","resources/trios/L1T4A2.jpg","38","restless",0,0.7,0.4,0.641472335895975,"true"
"image-keyboard-response",843,3836970,"0.0-3.277-1.277","bc9hr80gw4q3fzx",713,"52.csv","","null","resources/maskTrios/BT4B.jpg","null","",NA,NA,NA,NA,""
"image-keyboard-response",844,3838176,"0.0-3.277-2.277","bc9hr80gw4q3fzx",713,"52.csv","","null","resources/images/coin2.png","null","",NA,NA,NA,NA,""
"image-keyboard-response",845,3838367,"0.0-3.278-0.278","bc9hr80gw4q3fzx",713,"52.csv","","188.30000001192093","resources/trios/L1T4A2.jpg","39","restless",0,0.7,0.4,0.992358122195817,"false"
"image-keyboard-response",846,3838770,"0.0-3.278-1.278","bc9hr80gw4q3fzx",713,"52.csv","","null","resources/maskTrios/BBA2.jpg","null","",NA,NA,NA,NA,""
"image-keyboard-response",847,3839974,"0.0-3.278-2.278","bc9hr80gw4q3fzx",713,"52.csv","","null","resources/images/fishbone.png","null","",NA,NA,NA,NA,""
"image-keyboard-response",848,3840381,"0.0-3.279-0.279","bc9hr80gw4q3fzx",713,"52.csv","","405","resources/trios/L4T1A1.jpg","38","restless",0,0.7,0.4,0.294748575373982,"true"
"image-keyboard-response",849,3840784,"0.0-3.279-1.279","bc9hr80gw4q3fzx",713,"52.csv","","null","resources/maskTrios/BT1B.jpg","null","",NA,NA,NA,NA,""
"image-keyboard-response",850,3841990,"0.0-3.279-2.279","bc9hr80gw4q3fzx",713,"52.csv","","null","resources/images/coin2.png","null","",NA,NA,NA,NA,""
"image-keyboard-response",851,3842199,"0.0-3.280-0.280","bc9hr80gw4q3fzx",713,"52.csv","","207","resources/trios/L4T4A2.jpg","38","restless",0,0.7,0.4,0.0704074829869465,"true"
"image-keyboard-response",852,3842605,"0.0-3.280-1.280","bc9hr80gw4q3fzx",713,"52.csv","","null","resources/maskTrios/BT4B.jpg","null","",NA,NA,NA,NA,""
"image-keyboard-response",853,3843810,"0.0-3.280-2.280","bc9hr80gw4q3fzx",713,"52.csv","","null","resources/images/coin2.png","null","",NA,NA,NA,NA,""
"image-keyboard-response",854,3844524,"0.0-3.281-0.281","bc9hr80gw4q3fzx",713,"52.csv","","712.2000000029802","resources/trios/L1T1A1.jpg","38","restless",0.1,0.7,0.4,0.954206421712633,"false"
"image-keyboard-response",855,3844929,"0.0-3.281-1.281","bc9hr80gw4q3fzx",713,"52.csv","","null","resources/maskTrios/BT1B.jpg","null","",NA,NA,NA,NA,""
"image-keyboard-response",856,3846135,"0.0-3.281-2.281","bc9hr80gw4q3fzx",713,"52.csv","","null","resources/images/fishbone.png","null","",NA,NA,NA,NA,""
"image-keyboard-response",857,3846389,"0.0-3.282-0.282","bc9hr80gw4q3fzx",713,"52.csv","","251.80000001192093","resources/trios/L1T1A1.jpg","38","restless",0.1,0.7,0.4,0.84033241905183,"false"
"image-keyboard-response",858,3846792,"0.0-3.282-1.282","bc9hr80gw4q3fzx",713,"52.csv","","null","resources/maskTrios/BT1B.jpg","null","",NA,NA,NA,NA,""
"image-keyboard-response",859,3847998,"0.0-3.282-2.282","bc9hr80gw4q3fzx",713,"52.csv","","null","resources/images/fishbone.png","null","",NA,NA,NA,NA,""
"image-keyboard-response",860,3848188,"0.0-3.283-0.283","bc9hr80gw4q3fzx",713,"52.csv","","188.20000000298023","resources/trios/L4T1A2.jpg","39","restless",0,0.7,0.4,0.475066476389974,"false"
"image-keyboard-response",861,3848590,"0.0-3.283-1.283","bc9hr80gw4q3fzx",713,"52.csv","","null","resources/maskTrios/BBA2.jpg","null","",NA,NA,NA,NA,""
"image-keyboard-response",862,3849792,"0.0-3.283-2.283","bc9hr80gw4q3fzx",713,"52.csv","","null","resources/images/fishbone.png","null","",NA,NA,NA,NA,""
"image-keyboard-response",863,3850070,"0.0-3.284-0.284","bc9hr80gw4q3fzx",713,"52.csv","","275.8999999910593","resources/trios/L4T4A2.jpg","39","restless",0,0.8,0.3,0.491924347632301,"false"
"image-keyboard-response",864,3850474,"0.0-3.284-1.284","bc9hr80gw4q3fzx",713,"52.csv","","null","resources/maskTrios/BBA2.jpg","null","",NA,NA,NA,NA,""
"image-keyboard-response",865,3851676,"0.0-3.284-2.284","bc9hr80gw4q3fzx",713,"52.csv","","null","resources/images/fishbone.png","null","",NA,NA,NA,NA,""
"image-keyboard-response",866,3851925,"0.0-3.285-0.285","bc9hr80gw4q3fzx",713,"52.csv","","246.70000000298023","resources/trios/L4T1A1.jpg","39","restless",0,0.8,0.3,0.816016593608198,"false"
"image-keyboard-response",867,3852327,"0.0-3.285-1.285","bc9hr80gw4q3fzx",713,"52.csv","","null","resources/maskTrios/BBA1.jpg","null","",NA,NA,NA,NA,""
"image-keyboard-response",868,3853531,"0.0-3.285-2.285","bc9hr80gw4q3fzx",713,"52.csv","","null","resources/images/fishbone.png","null","",NA,NA,NA,NA,""
"image-keyboard-response",869,3853956,"0.0-3.286-0.286","bc9hr80gw4q3fzx",713,"52.csv","","422.40000000596046","resources/trios/L1T1A2.jpg","39","restless",0,0.8,0.3,0.628691929726665,"false"
"image-keyboard-response",870,3854362,"0.0-3.286-1.286","bc9hr80gw4q3fzx",713,"52.csv","","null","resources/maskTrios/BBA2.jpg","null","",NA,NA,NA,NA,""
"image-keyboard-response",871,3855565,"0.0-3.286-2.286","bc9hr80gw4q3fzx",713,"52.csv","","null","resources/images/fishbone.png","null","",NA,NA,NA,NA,""
"image-keyboard-response",872,3855738,"0.0-3.287-0.287","bc9hr80gw4q3fzx",713,"52.csv","","171.70000000298023","resources/trios/L4T1A2.jpg","39","restless",0,0.8,0.3,0.385468612906314,"false"
"image-keyboard-response",873,3856142,"0.0-3.287-1.287","bc9hr80gw4q3fzx",713,"52.csv","","null","resources/maskTrios/BBA2.jpg","null","",NA,NA,NA,NA,""
"image-keyboard-response",874,3857347,"0.0-3.287-2.287","bc9hr80gw4q3fzx",713,"52.csv","","null","resources/images/fishbone.png","null","",NA,NA,NA,NA,""
"image-keyboard-response",875,3857565,"0.0-3.288-0.288","bc9hr80gw4q3fzx",713,"52.csv","","216","resources/trios/L1T1A2.jpg","37","restless",0,0.8,0.3,0.233102448590887,"false"
"image-keyboard-response",876,3857968,"0.0-3.288-1.288","bc9hr80gw4q3fzx",713,"52.csv","","null","resources/maskTrios/L1BB.jpg","null","",NA,NA,NA,NA,""
"image-keyboard-response",877,3859174,"0.0-3.288-2.288","bc9hr80gw4q3fzx",713,"52.csv","","null","resources/images/fishbone.png","null","",NA,NA,NA,NA,""
"image-keyboard-response",878,3859446,"0.0-3.289-0.289","bc9hr80gw4q3fzx",713,"52.csv","","270.5","resources/trios/L4T4A1.jpg","38","restless",0,0.8,0.3,0.178854183441495,"true"
"image-keyboard-response",879,3859853,"0.0-3.289-1.289","bc9hr80gw4q3fzx",713,"52.csv","","null","resources/maskTrios/BT4B.jpg","null","",NA,NA,NA,NA,""
"image-keyboard-response",880,3861057,"0.0-3.289-2.289","bc9hr80gw4q3fzx",713,"52.csv","","null","resources/images/coin2.png","null","",NA,NA,NA,NA,""
"image-keyboard-response",881,3861284,"0.0-3.290-0.290","bc9hr80gw4q3fzx",713,"52.csv","","224.90000000596046","resources/trios/L1T4A1.jpg","38","restless",0,0.8,0.3,0.300361553924361,"true"
"image-keyboard-response",882,3861690,"0.0-3.290-1.290","bc9hr80gw4q3fzx",713,"52.csv","","null","resources/maskTrios/BT4B.jpg","null","",NA,NA,NA,NA,""
"image-keyboard-response",883,3862894,"0.0-3.290-2.290","bc9hr80gw4q3fzx",713,"52.csv","","null","resources/images/coin2.png","null","",NA,NA,NA,NA,""
"image-keyboard-response",884,3863273,"0.0-3.291-0.291","bc9hr80gw4q3fzx",713,"52.csv","","376.70000000298023","resources/trios/L4T4A1.jpg","38","restless",0,0.8,0.3,0.776724002630952,"true"
"image-keyboard-response",885,3863676,"0.0-3.291-1.291","bc9hr80gw4q3fzx",713,"52.csv","","null","resources/maskTrios/BT4B.jpg","null","",NA,NA,NA,NA,""
"image-keyboard-response",886,3864883,"0.0-3.291-2.291","bc9hr80gw4q3fzx",713,"52.csv","","null","resources/images/coin2.png","null","",NA,NA,NA,NA,""
"image-keyboard-response",887,3864953,"0.0-3.292-0.292","bc9hr80gw4q3fzx",713,"52.csv","","68.6000000089407","resources/trios/L4T1A2.jpg","38","restless",0,0.7,0.3,0.138103384923245,"true"
"image-keyboard-response",888,3865357,"0.0-3.292-1.292","bc9hr80gw4q3fzx",713,"52.csv","","null","resources/maskTrios/BT1B.jpg","null","",NA,NA,NA,NA,""
"image-keyboard-response",889,3866560,"0.0-3.292-2.292","bc9hr80gw4q3fzx",713,"52.csv","","null","resources/images/coin2.png","null","",NA,NA,NA,NA,""
"image-keyboard-response",890,3866625,"0.0-3.293-0.293","bc9hr80gw4q3fzx",713,"52.csv","","63.099999994039536","resources/trios/L4T4A1.jpg","38","restless",0,0.7,0.3,0.000423375473389553,"true"
"image-keyboard-response",891,3867028,"0.0-3.293-1.293","bc9hr80gw4q3fzx",713,"52.csv","","null","resources/maskTrios/BT4B.jpg","null","",NA,NA,NA,NA,""
"image-keyboard-response",892,3868232,"0.0-3.293-2.293","bc9hr80gw4q3fzx",713,"52.csv","","null","resources/images/coin2.png","null","",NA,NA,NA,NA,""
"image-keyboard-response",893,3868582,"0.0-3.294-0.294","bc9hr80gw4q3fzx",713,"52.csv","","348.70000000298023","resources/trios/L1T1A1.jpg","38","restless",0,0.7,0.3,0.041448533068422,"true"
"image-keyboard-response",894,3868987,"0.0-3.294-1.294","bc9hr80gw4q3fzx",713,"52.csv","","null","resources/maskTrios/BT1B.jpg","null","",NA,NA,NA,NA,""
"image-keyboard-response",895,3870189,"0.0-3.294-2.294","bc9hr80gw4q3fzx",713,"52.csv","","null","resources/images/coin2.png","null","",NA,NA,NA,NA,""
"image-keyboard-response",896,3870391,"0.0-3.295-0.295","bc9hr80gw4q3fzx",713,"52.csv","","199.59999999403954","resources/trios/L1T4A2.jpg","38","restless",0,0.7,0.3,0.810890179677577,"false"
"image-keyboard-response",897,3870794,"0.0-3.295-1.295","bc9hr80gw4q3fzx",713,"52.csv","","null","resources/maskTrios/BT4B.jpg","null","",NA,NA,NA,NA,""
"image-keyboard-response",898,3871998,"0.0-3.295-2.295","bc9hr80gw4q3fzx",713,"52.csv","","null","resources/images/fishbone.png","null","",NA,NA,NA,NA,""
"image-keyboard-response",899,3872157,"0.0-3.296-0.296","bc9hr80gw4q3fzx",713,"52.csv","","156.79999999701977","resources/trios/L4T1A2.jpg","37","restless",0,0.7,0.3,0.139838362311495,"false"
"image-keyboard-response",900,3872560,"0.0-3.296-1.296","bc9hr80gw4q3fzx",713,"52.csv","","null","resources/maskTrios/L4BB.jpg","null","",NA,NA,NA,NA,""
"image-keyboard-response",901,3873763,"0.0-3.296-2.296","bc9hr80gw4q3fzx",713,"52.csv","","null","resources/images/fishbone.png","null","",NA,NA,NA,NA,""
"image-keyboard-response",902,3873977,"0.0-3.297-0.297","bc9hr80gw4q3fzx",713,"52.csv","","212","resources/trios/L1T4A2.jpg","39","restless",0,0.7,0.4,0.316048552453609,"true"
"image-keyboard-response",903,3874383,"0.0-3.297-1.297","bc9hr80gw4q3fzx",713,"52.csv","","null","resources/maskTrios/BBA2.jpg","null","",NA,NA,NA,NA,""
"image-keyboard-response",904,3875588,"0.0-3.297-2.297","bc9hr80gw4q3fzx",713,"52.csv","","null","resources/images/coin2.png","null","",NA,NA,NA,NA,""
"image-keyboard-response",905,3875801,"0.0-3.298-0.298","bc9hr80gw4q3fzx",713,"52.csv","","211.29999999701977","resources/trios/L4T1A1.jpg","39","restless",0,0.7,0.4,0.171732736913621,"true"
"image-keyboard-response",906,3876205,"0.0-3.298-1.298","bc9hr80gw4q3fzx",713,"52.csv","","null","resources/maskTrios/BBA1.jpg","null","",NA,NA,NA,NA,""
"image-keyboard-response",907,3877411,"0.0-3.298-2.298","bc9hr80gw4q3fzx",713,"52.csv","","null","resources/images/coin2.png","null","",NA,NA,NA,NA,""
"image-keyboard-response",908,3877639,"0.0-3.299-0.299","bc9hr80gw4q3fzx",713,"52.csv","","226.70000000298023","resources/trios/L1T4A2.jpg","39","restless",0,0.7,0.4,0.049947158355951,"true"
"image-keyboard-response",909,3878045,"0.0-3.299-1.299","bc9hr80gw4q3fzx",713,"52.csv","","null","resources/maskTrios/BBA2.jpg","null","",NA,NA,NA,NA,""
"image-keyboard-response",910,3879250,"0.0-3.299-2.299","bc9hr80gw4q3fzx",713,"52.csv","","null","resources/images/coin2.png","null","",NA,NA,NA,NA,""
"survey-text",911,3898511,"0.0-4.0","bc9hr80gw4q3fzx",713,"52.csv","","19245.5","","","",NA,NA,NA,NA,""
"image-keyboard-response",912,3900887,"0.0-5.0","bc9hr80gw4q3fzx",713,"52.csv","","2374.300000011921","resources/images/pirate break.gif","13","",NA,NA,NA,NA,""
"image-keyboard-response",913,3902564,"0.0-6.0-0.0","bc9hr80gw4q3fzx",713,"52.csv","","1675","resources/trios/T3L3A4.jpg","37","vis1",0.3,0.5,0.7,0.654479740959772,"false"
"image-keyboard-response",914,3902970,"0.0-6.0-1.0","bc9hr80gw4q3fzx",713,"52.csv","","null","resources/maskTrios/T3BB.jpg","null","",NA,NA,NA,NA,""
"image-keyboard-response",915,3904172,"0.0-6.0-2.0","bc9hr80gw4q3fzx",713,"52.csv","","null","resources/images/fishbone.png","null","",NA,NA,NA,NA,""
"image-keyboard-response",916,3904427,"0.0-6.1-0.1","bc9hr80gw4q3fzx",713,"52.csv","","252.70000000298023","resources/trios/A4T3L3.jpg","39","vis1",0.7,0.3,0.5,0.676527013049283,"false"
"image-keyboard-response",917,3904829,"0.0-6.1-1.1","bc9hr80gw4q3fzx",713,"52.csv","","null","resources/maskTrios/BBL3.jpg","null","",NA,NA,NA,NA,""
"image-keyboard-response",918,3906032,"0.0-6.1-2.1","bc9hr80gw4q3fzx",713,"52.csv","","null","resources/images/fishbone.png","null","",NA,NA,NA,NA,""
"image-keyboard-response",919,3906082,"0.0-6.2-0.2","bc9hr80gw4q3fzx",713,"52.csv","","46.79999999701977","resources/trios/T3L3A4.jpg","39","vis1",0.3,0.5,0.7,0.727400587871526,"false"
"image-keyboard-response",920,3906484,"0.0-6.2-1.2","bc9hr80gw4q3fzx",713,"52.csv","","null","resources/maskTrios/BBA4.jpg","null","",NA,NA,NA,NA,""
"image-keyboard-response",921,3907689,"0.0-6.2-2.2","bc9hr80gw4q3fzx",713,"52.csv","","null","resources/images/fishbone.png","null","",NA,NA,NA,NA,""
"image-keyboard-response",922,3907953,"0.0-6.3-0.3","bc9hr80gw4q3fzx",713,"52.csv","","261.5","resources/trios/L3T3A4.jpg","39","vis1",0.5,0.3,0.7,0.825434258818451,"false"
"image-keyboard-response",923,3908355,"0.0-6.3-1.3","bc9hr80gw4q3fzx",713,"52.csv","","null","resources/maskTrios/BBA4.jpg","null","",NA,NA,NA,NA,""
"image-keyboard-response",924,3909561,"0.0-6.3-2.3","bc9hr80gw4q3fzx",713,"52.csv","","null","resources/images/fishbone.png","null","",NA,NA,NA,NA,""
"image-keyboard-response",925,3909770,"0.0-6.4-0.4","bc9hr80gw4q3fzx",713,"52.csv","","206.29999999701977","resources/trios/A4L3T3.jpg","38","vis1",0.7,0.5,0.3,0.857553081722363,"false"
"image-keyboard-response",926,3910173,"0.0-6.4-1.4","bc9hr80gw4q3fzx",713,"52.csv","","null","resources/maskTrios/BL3B.jpg","null","",NA,NA,NA,NA,""
"image-keyboard-response",927,3911379,"0.0-6.4-2.4","bc9hr80gw4q3fzx",713,"52.csv","","null","resources/images/fishbone.png","null","",NA,NA,NA,NA,""
"image-keyboard-response",928,3911413,"0.0-6.5-0.5","bc9hr80gw4q3fzx",713,"52.csv","","32.400000005960464","resources/trios/A4L3T3.jpg","37","vis1",0.7,0.5,0.3,0.553640791071624,"true"
"image-keyboard-response",929,3911819,"0.0-6.5-1.5","bc9hr80gw4q3fzx",713,"52.csv","","null","resources/maskTrios/A4BB.jpg","null","",NA,NA,NA,NA,""
"image-keyboard-response",930,3913023,"0.0-6.5-2.5","bc9hr80gw4q3fzx",713,"52.csv","","null","resources/images/coin2.png","null","",NA,NA,NA,NA,""
"image-keyboard-response",931,3914109,"0.0-6.6-0.6","bc9hr80gw4q3fzx",713,"52.csv","","1084.7000000029802","resources/trios/L3T3A4.jpg","38","vis1",0.5,0.3,0.7,0.253800254397719,"true"
"image-keyboard-response",932,3914511,"0.0-6.6-1.6","bc9hr80gw4q3fzx",713,"52.csv","","null","resources/maskTrios/BT3B.jpg","null","",NA,NA,NA,NA,""
"image-keyboard-response",933,3915716,"0.0-6.6-2.6","bc9hr80gw4q3fzx",713,"52.csv","","null","resources/images/coin2.png","null","",NA,NA,NA,NA,""
"image-keyboard-response",934,3915903,"0.0-6.7-0.7","bc9hr80gw4q3fzx",713,"52.csv","","185.30000001192093","resources/trios/L3T3A4.jpg","39","vis1",0.5,0.3,0.7,0.499951022207603,"true"
"image-keyboard-response",935,3916306,"0.0-6.7-1.7","bc9hr80gw4q3fzx",713,"52.csv","","null","resources/maskTrios/BBA4.jpg","null","",NA,NA,NA,NA,""
"image-keyboard-response",936,3917511,"0.0-6.7-2.7","bc9hr80gw4q3fzx",713,"52.csv","","null","resources/images/coin2.png","null","",NA,NA,NA,NA,""
"image-keyboard-response",937,3917833,"0.0-6.8-0.8","bc9hr80gw4q3fzx",713,"52.csv","","320.40000000596046","resources/trios/L3T3A4.jpg","39","vis1",0.5,0.3,0.7,0.2080846220284,"true"
"image-keyboard-response",938,3918240,"0.0-6.8-1.8","bc9hr80gw4q3fzx",713,"52.csv","","null","resources/maskTrios/BBA4.jpg","null","",NA,NA,NA,NA,""
"image-keyboard-response",939,3919445,"0.0-6.8-2.8","bc9hr80gw4q3fzx",713,"52.csv","","null","resources/images/coin2.png","null","",NA,NA,NA,NA,""
"image-keyboard-response",940,3919677,"0.0-6.9-0.9","bc9hr80gw4q3fzx",713,"52.csv","","229.5","resources/trios/A4T3L3.jpg","38","vis1",0.7,0.3,0.5,0.846248748689219,"false"
"image-keyboard-response",941,3920081,"0.0-6.9-1.9","bc9hr80gw4q3fzx",713,"52.csv","","null","resources/maskTrios/BT3B.jpg","null","",NA,NA,NA,NA,""
"image-keyboard-response",942,3921287,"0.0-6.9-2.9","bc9hr80gw4q3fzx",713,"52.csv","","null","resources/images/fishbone.png","null","",NA,NA,NA,NA,""
"image-keyboard-response",943,3921436,"0.0-6.10-0.10","bc9hr80gw4q3fzx",713,"52.csv","","146.79999999701977","resources/trios/A4T3L3.jpg","37","vis1",0.7,0.3,0.5,0.394097616688033,"true"
"image-keyboard-response",944,3921838,"0.0-6.10-1.10","bc9hr80gw4q3fzx",713,"52.csv","","null","resources/maskTrios/A4BB.jpg","null","",NA,NA,NA,NA,""
"image-keyboard-response",945,3923045,"0.0-6.10-2.10","bc9hr80gw4q3fzx",713,"52.csv","","null","resources/images/coin2.png","null","",NA,NA,NA,NA,""
"image-keyboard-response",946,3923307,"0.0-6.11-0.11","bc9hr80gw4q3fzx",713,"52.csv","","259.90000000596046","resources/trios/L3T3A4.jpg","38","vis1",0.5,0.3,0.7,0.560992694956597,"false"
"image-keyboard-response",947,3923714,"0.0-6.11-1.11","bc9hr80gw4q3fzx",713,"52.csv","","null","resources/maskTrios/BT3B.jpg","null","",NA,NA,NA,NA,""
"image-keyboard-response",948,3924921,"0.0-6.11-2.11","bc9hr80gw4q3fzx",713,"52.csv","","null","resources/images/fishbone.png","null","",NA,NA,NA,NA,""
"image-keyboard-response",949,3925134,"0.0-6.12-0.12","bc9hr80gw4q3fzx",713,"52.csv","","211.09999999403954","resources/trios/A4T3L3.jpg","37","vis1",0.7,0.3,0.5,0.367992904930807,"true"
"image-keyboard-response",950,3925541,"0.0-6.12-1.12","bc9hr80gw4q3fzx",713,"52.csv","","null","resources/maskTrios/A4BB.jpg","null","",NA,NA,NA,NA,""
"image-keyboard-response",951,3926746,"0.0-6.12-2.12","bc9hr80gw4q3fzx",713,"52.csv","","null","resources/images/coin2.png","null","",NA,NA,NA,NA,""
"image-keyboard-response",952,3926983,"0.0-6.13-0.13","bc9hr80gw4q3fzx",713,"52.csv","","234.59999999403954","resources/trios/T3L3A4.jpg","39","vis1",0.3,0.5,0.7,0.836677907585323,"false"
"image-keyboard-response",953,3927390,"0.0-6.13-1.13","bc9hr80gw4q3fzx",713,"52.csv","","null","resources/maskTrios/BBA4.jpg","null","",NA,NA,NA,NA,""
"image-keyboard-response",954,3928594,"0.0-6.13-2.13","bc9hr80gw4q3fzx",713,"52.csv","","null","resources/images/fishbone.png","null","",NA,NA,NA,NA,""
"image-keyboard-response",955,3928841,"0.0-6.14-0.14","bc9hr80gw4q3fzx",713,"52.csv","","245.20000000298023","resources/trios/T3L3A4.jpg","37","vis1",0.3,0.5,0.7,0.780160234286055,"false"
"image-keyboard-response",956,3929244,"0.0-6.14-1.14","bc9hr80gw4q3fzx",713,"52.csv","","null","resources/maskTrios/T3BB.jpg","null","",NA,NA,NA,NA,""
"image-keyboard-response",957,3930450,"0.0-6.14-2.14","bc9hr80gw4q3fzx",713,"52.csv","","null","resources/images/fishbone.png","null","",NA,NA,NA,NA,""
"image-keyboard-response",958,3930526,"0.0-6.15-0.15","bc9hr80gw4q3fzx",713,"52.csv","","74.29999999701977","resources/trios/A4T3L3.jpg","37","vis1",0.7,0.3,0.5,0.0710284899997706,"true"
"image-keyboard-response",959,3930933,"0.0-6.15-1.15","bc9hr80gw4q3fzx",713,"52.csv","","null","resources/maskTrios/A4BB.jpg","null","",NA,NA,NA,NA,""
"image-keyboard-response",960,3932138,"0.0-6.15-2.15","bc9hr80gw4q3fzx",713,"52.csv","","null","resources/images/coin2.png","null","",NA,NA,NA,NA,""
"image-keyboard-response",961,3932578,"0.0-6.16-0.16","bc9hr80gw4q3fzx",713,"52.csv","","437.29999999701977","resources/trios/A4L3T3.jpg","37","vis1",0.7,0.5,0.3,0.960439487826584,"false"
"image-keyboard-response",962,3932980,"0.0-6.16-1.16","bc9hr80gw4q3fzx",713,"52.csv","","null","resources/maskTrios/A4BB.jpg","null","",NA,NA,NA,NA,""
"image-keyboard-response",963,3934186,"0.0-6.16-2.16","bc9hr80gw4q3fzx",713,"52.csv","","null","resources/images/fishbone.png","null","",NA,NA,NA,NA,""
"image-keyboard-response",964,3934716,"0.0-6.17-0.17","bc9hr80gw4q3fzx",713,"52.csv","","527","resources/trios/A4L3T3.jpg","37","vis1",0.7,0.5,0.3,0.0447391485213346,"true"
"image-keyboard-response",965,3935122,"0.0-6.17-1.17","bc9hr80gw4q3fzx",713,"52.csv","","null","resources/maskTrios/A4BB.jpg","null","",NA,NA,NA,NA,""
"image-keyboard-response",966,3936325,"0.0-6.17-2.17","bc9hr80gw4q3fzx",713,"52.csv","","null","resources/images/coin2.png","null","",NA,NA,NA,NA,""
"image-keyboard-response",967,3936502,"0.0-6.18-0.18","bc9hr80gw4q3fzx",713,"52.csv","","174.79999999701977","resources/trios/A4T3L3.jpg","38","vis1",0.7,0.3,0.5,0.0138624686342035,"true"
"image-keyboard-response",968,3936908,"0.0-6.18-1.18","bc9hr80gw4q3fzx",713,"52.csv","","null","resources/maskTrios/BT3B.jpg","null","",NA,NA,NA,NA,""
"image-keyboard-response",969,3938110,"0.0-6.18-2.18","bc9hr80gw4q3fzx",713,"52.csv","","null","resources/images/coin2.png","null","",NA,NA,NA,NA,""
"image-keyboard-response",970,3939966,"0.0-6.19-0.19","bc9hr80gw4q3fzx",713,"52.csv","","1853.4000000059605","resources/trios/A4L3T3.jpg","38","vis1",0.7,0.5,0.3,0.941101944558335,"false"
"image-keyboard-response",971,3940370,"0.0-6.19-1.19","bc9hr80gw4q3fzx",713,"52.csv","","null","resources/maskTrios/BL3B.jpg","null","",NA,NA,NA,NA,""
"image-keyboard-response",972,3941573,"0.0-6.19-2.19","bc9hr80gw4q3fzx",713,"52.csv","","null","resources/images/fishbone.png","null","",NA,NA,NA,NA,""
"image-keyboard-response",973,3941890,"0.0-6.20-0.20","bc9hr80gw4q3fzx",713,"52.csv","","315.29999999701977","resources/trios/L3A4T3.jpg","37","vis1",0.5,0.7,0.3,0.745892570169993,"false"
"image-keyboard-response",974,3942296,"0.0-6.20-1.20","bc9hr80gw4q3fzx",713,"52.csv","","null","resources/maskTrios/L3BB.jpg","null","",NA,NA,NA,NA,""
"image-keyboard-response",975,3943502,"0.0-6.20-2.20","bc9hr80gw4q3fzx",713,"52.csv","","null","resources/images/fishbone.png","null","",NA,NA,NA,NA,""
"image-keyboard-response",976,3943941,"0.0-6.21-0.21","bc9hr80gw4q3fzx",713,"52.csv","","436.79999999701977","resources/trios/L3T3A4.jpg","39","vis1",0.5,0.3,0.7,0.0368020209868909,"true"
"image-keyboard-response",977,3944347,"0.0-6.21-1.21","bc9hr80gw4q3fzx",713,"52.csv","","null","resources/maskTrios/BBA4.jpg","null","",NA,NA,NA,NA,""
"image-keyboard-response",978,3945552,"0.0-6.21-2.21","bc9hr80gw4q3fzx",713,"52.csv","","null","resources/images/coin2.png","null","",NA,NA,NA,NA,""
"image-keyboard-response",979,3947600,"0.0-6.22-0.22","bc9hr80gw4q3fzx",713,"52.csv","","2045.7999999970198","resources/trios/A4L3T3.jpg","37","vis1",0.7,0.5,0.3,0.178685022441273,"true"
"image-keyboard-response",980,3948005,"0.0-6.22-1.22","bc9hr80gw4q3fzx",713,"52.csv","","null","resources/maskTrios/A4BB.jpg","null","",NA,NA,NA,NA,""
"image-keyboard-response",981,3949211,"0.0-6.22-2.22","bc9hr80gw4q3fzx",713,"52.csv","","null","resources/images/coin2.png","null","",NA,NA,NA,NA,""
"image-keyboard-response",982,3950145,"0.0-6.23-0.23","bc9hr80gw4q3fzx",713,"52.csv","","931.6999999880791","resources/trios/A4T3L3.jpg","37","vis1",0.7,0.3,0.5,0.952291864154299,"false"
"image-keyboard-response",983,3950552,"0.0-6.23-1.23","bc9hr80gw4q3fzx",713,"52.csv","","null","resources/maskTrios/A4BB.jpg","null","",NA,NA,NA,NA,""
"image-keyboard-response",984,3951757,"0.0-6.23-2.23","bc9hr80gw4q3fzx",713,"52.csv","","null","resources/images/fishbone.png","null","",NA,NA,NA,NA,""
"image-keyboard-response",985,3952265,"0.0-6.24-0.24","bc9hr80gw4q3fzx",713,"52.csv","","506.1000000089407","resources/trios/T3A4L3.jpg","38","vis1",0.3,0.7,0.5,0.271648661205924,"true"
"image-keyboard-response",986,3952671,"0.0-6.24-1.24","bc9hr80gw4q3fzx",713,"52.csv","","null","resources/maskTrios/BA4B.jpg","null","",NA,NA,NA,NA,""
"image-keyboard-response",987,3953875,"0.0-6.24-2.24","bc9hr80gw4q3fzx",713,"52.csv","","null","resources/images/coin2.png","null","",NA,NA,NA,NA,""
"image-keyboard-response",988,3955510,"0.0-6.25-0.25","bc9hr80gw4q3fzx",713,"52.csv","","1633.199999988079","resources/trios/A4T3L3.jpg","37","vis1",0.7,0.3,0.5,0.780057469756851,"false"
"image-keyboard-response",989,3955915,"0.0-6.25-1.25","bc9hr80gw4q3fzx",713,"52.csv","","null","resources/maskTrios/A4BB.jpg","null","",NA,NA,NA,NA,""
"image-keyboard-response",990,3957117,"0.0-6.25-2.25","bc9hr80gw4q3fzx",713,"52.csv","","null","resources/images/fishbone.png","null","",NA,NA,NA,NA,""
"image-keyboard-response",991,3957945,"0.0-6.26-0.26","bc9hr80gw4q3fzx",713,"52.csv","","825.6000000089407","resources/trios/L3A4T3.jpg","38","vis1",0.5,0.7,0.3,0.490134596605405,"true"
"image-keyboard-response",992,3958351,"0.0-6.26-1.26","bc9hr80gw4q3fzx",713,"52.csv","","null","resources/maskTrios/BA4B.jpg","null","",NA,NA,NA,NA,""
"image-keyboard-response",993,3959556,"0.0-6.26-2.26","bc9hr80gw4q3fzx",713,"52.csv","","null","resources/images/coin2.png","null","",NA,NA,NA,NA,""
"image-keyboard-response",994,3960268,"0.0-6.27-0.27","bc9hr80gw4q3fzx",713,"52.csv","","710.5","resources/trios/A4L3T3.jpg","39","vis1",0.7,0.5,0.3,0.514732995224098,"false"
"image-keyboard-response",995,3960673,"0.0-6.27-1.27","bc9hr80gw4q3fzx",713,"52.csv","","null","resources/maskTrios/BBT3.jpg","null","",NA,NA,NA,NA,""
"image-keyboard-response",996,3961879,"0.0-6.27-2.27","bc9hr80gw4q3fzx",713,"52.csv","","null","resources/images/fishbone.png","null","",NA,NA,NA,NA,""
"image-keyboard-response",997,3962321,"0.0-6.28-0.28","bc9hr80gw4q3fzx",713,"52.csv","","439.70000000298023","resources/trios/T3A4L3.jpg","38","vis1",0.3,0.7,0.5,0.822624425760255,"false"
"image-keyboard-response",998,3962727,"0.0-6.28-1.28","bc9hr80gw4q3fzx",713,"52.csv","","null","resources/maskTrios/BA4B.jpg","null","",NA,NA,NA,NA,""
"image-keyboard-response",999,3963931,"0.0-6.28-2.28","bc9hr80gw4q3fzx",713,"52.csv","","null","resources/images/fishbone.png","null","",NA,NA,NA,NA,""
"image-keyboard-response",1000,3964332,"0.0-6.29-0.29","bc9hr80gw4q3fzx",713,"52.csv","","398.40000000596046","resources/trios/A4L3T3.jpg","38","vis1",0.7,0.5,0.3,0.479957588074989,"true"
"image-keyboard-response",1001,3964736,"0.0-6.29-1.29","bc9hr80gw4q3fzx",713,"52.csv","","null","resources/maskTrios/BL3B.jpg","null","",NA,NA,NA,NA,""
"image-keyboard-response",1002,3965941,"0.0-6.29-2.29","bc9hr80gw4q3fzx",713,"52.csv","","null","resources/images/coin2.png","null","",NA,NA,NA,NA,""
"image-keyboard-response",1003,3966503,"0.0-6.30-0.30","bc9hr80gw4q3fzx",713,"52.csv","","559.6999999880791","resources/trios/A4L3T3.jpg","38","vis1",0.7,0.5,0.3,0.0767365376117886,"true"
"image-keyboard-response",1004,3966908,"0.0-6.30-1.30","bc9hr80gw4q3fzx",713,"52.csv","","null","resources/maskTrios/BL3B.jpg","null","",NA,NA,NA,NA,""
"image-keyboard-response",1005,3968112,"0.0-6.30-2.30","bc9hr80gw4q3fzx",713,"52.csv","","null","resources/images/coin2.png","null","",NA,NA,NA,NA,""
"image-keyboard-response",1006,3968323,"0.0-6.31-0.31","bc9hr80gw4q3fzx",713,"52.csv","","208.29999999701977","resources/trios/A4L3T3.jpg","38","vis1",0.7,0.5,0.3,0.169310201660578,"true"
"image-keyboard-response",1007,3968728,"0.0-6.31-1.31","bc9hr80gw4q3fzx",713,"52.csv","","null","resources/maskTrios/BL3B.jpg","null","",NA,NA,NA,NA,""
"image-keyboard-response",1008,3969935,"0.0-6.31-2.31","bc9hr80gw4q3fzx",713,"52.csv","","null","resources/images/coin2.png","null","",NA,NA,NA,NA,""
"image-keyboard-response",1009,3969985,"0.0-6.32-0.32","bc9hr80gw4q3fzx",713,"52.csv","","48","resources/trios/T3L3A4.jpg","38","vis1",0.3,0.5,0.7,0.203946050879286,"true"
"image-keyboard-response",1010,3970390,"0.0-6.32-1.32","bc9hr80gw4q3fzx",713,"52.csv","","null","resources/maskTrios/BL3B.jpg","null","",NA,NA,NA,NA,""
"image-keyboard-response",1011,3971598,"0.0-6.32-2.32","bc9hr80gw4q3fzx",713,"52.csv","","null","resources/images/coin2.png","null","",NA,NA,NA,NA,""
"image-keyboard-response",1012,3971679,"0.0-6.33-0.33","bc9hr80gw4q3fzx",713,"52.csv","","79.5","resources/trios/T3A4L3.jpg","38","vis1",0.3,0.7,0.5,0.715723993665993,"false"
"image-keyboard-response",1013,3972084,"0.0-6.33-1.33","bc9hr80gw4q3fzx",713,"52.csv","","null","resources/maskTrios/BA4B.jpg","null","",NA,NA,NA,NA,""
"image-keyboard-response",1014,3973288,"0.0-6.33-2.33","bc9hr80gw4q3fzx",713,"52.csv","","null","resources/images/fishbone.png","null","",NA,NA,NA,NA,""
"image-keyboard-response",1015,3973517,"0.0-6.34-0.34","bc9hr80gw4q3fzx",713,"52.csv","","226.70000000298023","resources/trios/T3A4L3.jpg","37","vis1",0.3,0.7,0.5,0.143392933447436,"true"
"image-keyboard-response",1016,3973922,"0.0-6.34-1.34","bc9hr80gw4q3fzx",713,"52.csv","","null","resources/maskTrios/T3BB.jpg","null","",NA,NA,NA,NA,""
"image-keyboard-response",1017,3975128,"0.0-6.34-2.34","bc9hr80gw4q3fzx",713,"52.csv","","null","resources/images/coin2.png","null","",NA,NA,NA,NA,""
"image-keyboard-response",1018,3975364,"0.0-6.35-0.35","bc9hr80gw4q3fzx",713,"52.csv","","234.30000001192093","resources/trios/L3T3A4.jpg","38","vis1",0.5,0.3,0.7,0.299700663098358,"true"
"image-keyboard-response",1019,3975769,"0.0-6.35-1.35","bc9hr80gw4q3fzx",713,"52.csv","","null","resources/maskTrios/BT3B.jpg","null","",NA,NA,NA,NA,""
"image-keyboard-response",1020,3976972,"0.0-6.35-2.35","bc9hr80gw4q3fzx",713,"52.csv","","null","resources/images/coin2.png","null","",NA,NA,NA,NA,""
"image-keyboard-response",1021,3977058,"0.0-6.36-0.36","bc9hr80gw4q3fzx",713,"52.csv","","84.29999999701977","resources/trios/L3A4T3.jpg","37","vis1",0.5,0.7,0.3,0.562251037906313,"false"
"image-keyboard-response",1022,3977460,"0.0-6.36-1.36","bc9hr80gw4q3fzx",713,"52.csv","","null","resources/maskTrios/L3BB.jpg","null","",NA,NA,NA,NA,""
"image-keyboard-response",1023,3978666,"0.0-6.36-2.36","bc9hr80gw4q3fzx",713,"52.csv","","null","resources/images/fishbone.png","null","",NA,NA,NA,NA,""
"image-keyboard-response",1024,3978894,"0.0-6.37-0.37","bc9hr80gw4q3fzx",713,"52.csv","","225.40000000596046","resources/trios/A4T3L3.jpg","38","vis1",0.7,0.3,0.5,0.477147941030842,"false"
"image-keyboard-response",1025,3979295,"0.0-6.37-1.37","bc9hr80gw4q3fzx",713,"52.csv","","null","resources/maskTrios/BT3B.jpg","null","",NA,NA,NA,NA,""
"image-keyboard-response",1026,3980499,"0.0-6.37-2.37","bc9hr80gw4q3fzx",713,"52.csv","","null","resources/images/fishbone.png","null","",NA,NA,NA,NA,""
"image-keyboard-response",1027,3980575,"0.0-6.38-0.38","bc9hr80gw4q3fzx",713,"52.csv","","73.79999999701977","resources/trios/A4T3L3.jpg","39","vis1",0.7,0.3,0.5,0.621554284928741,"false"
"image-keyboard-response",1028,3980978,"0.0-6.38-1.38","bc9hr80gw4q3fzx",713,"52.csv","","null","resources/maskTrios/BBL3.jpg","null","",NA,NA,NA,NA,""
"image-keyboard-response",1029,3982181,"0.0-6.38-2.38","bc9hr80gw4q3fzx",713,"52.csv","","null","resources/images/fishbone.png","null","",NA,NA,NA,NA,""
"image-keyboard-response",1030,3982341,"0.0-6.39-0.39","bc9hr80gw4q3fzx",713,"52.csv","","158","resources/trios/A4T3L3.jpg","37","vis1",0.7,0.3,0.5,0.483551869030444,"true"
"image-keyboard-response",1031,3982747,"0.0-6.39-1.39","bc9hr80gw4q3fzx",713,"52.csv","","null","resources/maskTrios/A4BB.jpg","null","",NA,NA,NA,NA,""
"image-keyboard-response",1032,3983951,"0.0-6.39-2.39","bc9hr80gw4q3fzx",713,"52.csv","","null","resources/images/coin2.png","null","",NA,NA,NA,NA,""
"image-keyboard-response",1033,3984143,"0.0-6.40-0.40","bc9hr80gw4q3fzx",713,"52.csv","","190.5","resources/trios/L3A4T3.jpg","38","vis1",0.5,0.7,0.3,0.288540850318444,"true"
"image-keyboard-response",1034,3984546,"0.0-6.40-1.40","bc9hr80gw4q3fzx",713,"52.csv","","null","resources/maskTrios/BA4B.jpg","null","",NA,NA,NA,NA,""
"image-keyboard-response",1035,3985752,"0.0-6.40-2.40","bc9hr80gw4q3fzx",713,"52.csv","","null","resources/images/coin2.png","null","",NA,NA,NA,NA,""
"image-keyboard-response",1036,3985892,"0.0-6.41-0.41","bc9hr80gw4q3fzx",713,"52.csv","","138.40000000596046","resources/trios/L3A4T3.jpg","38","vis1",0.5,0.7,0.3,0.386091955058205,"true"
"image-keyboard-response",1037,3986296,"0.0-6.41-1.41","bc9hr80gw4q3fzx",713,"52.csv","","null","resources/maskTrios/BA4B.jpg","null","",NA,NA,NA,NA,""
"image-keyboard-response",1038,3987503,"0.0-6.41-2.41","bc9hr80gw4q3fzx",713,"52.csv","","null","resources/images/coin2.png","null","",NA,NA,NA,NA,""
"image-keyboard-response",1039,3987755,"0.0-6.42-0.42","bc9hr80gw4q3fzx",713,"52.csv","","250.20000000298023","resources/trios/A4L3T3.jpg","38","vis1",0.7,0.5,0.3,0.885957276983449,"false"
"image-keyboard-response",1040,3988161,"0.0-6.42-1.42","bc9hr80gw4q3fzx",713,"52.csv","","null","resources/maskTrios/BL3B.jpg","null","",NA,NA,NA,NA,""
"image-keyboard-response",1041,3989364,"0.0-6.42-2.42","bc9hr80gw4q3fzx",713,"52.csv","","null","resources/images/fishbone.png","null","",NA,NA,NA,NA,""
"image-keyboard-response",1042,3989652,"0.0-6.43-0.43","bc9hr80gw4q3fzx",713,"52.csv","","286.70000000298023","resources/trios/T3L3A4.jpg","37","vis1",0.3,0.5,0.7,0.662015099433507,"false"
"image-keyboard-response",1043,3990056,"0.0-6.43-1.43","bc9hr80gw4q3fzx",713,"52.csv","","null","resources/maskTrios/T3BB.jpg","null","",NA,NA,NA,NA,""
"image-keyboard-response",1044,3991259,"0.0-6.43-2.43","bc9hr80gw4q3fzx",713,"52.csv","","null","resources/images/fishbone.png","null","",NA,NA,NA,NA,""
"image-keyboard-response",1045,3991718,"0.0-6.44-0.44","bc9hr80gw4q3fzx",713,"52.csv","","457.5","resources/trios/T3A4L3.jpg","39","vis1",0.3,0.7,0.5,0.149175661773972,"true"
"image-keyboard-response",1046,3992121,"0.0-6.44-1.44","bc9hr80gw4q3fzx",713,"52.csv","","null","resources/maskTrios/BBL3.jpg","null","",NA,NA,NA,NA,""
"image-keyboard-response",1047,3993328,"0.0-6.44-2.44","bc9hr80gw4q3fzx",713,"52.csv","","null","resources/images/coin2.png","null","",NA,NA,NA,NA,""
"image-keyboard-response",1048,3993648,"0.0-6.45-0.45","bc9hr80gw4q3fzx",713,"52.csv","","317.79999999701977","resources/trios/T3L3A4.jpg","39","vis1",0.3,0.5,0.7,0.793983642143666,"false"
"image-keyboard-response",1049,3994054,"0.0-6.45-1.45","bc9hr80gw4q3fzx",713,"52.csv","","null","resources/maskTrios/BBA4.jpg","null","",NA,NA,NA,NA,""
"image-keyboard-response",1050,3995259,"0.0-6.45-2.45","bc9hr80gw4q3fzx",713,"52.csv","","null","resources/images/fishbone.png","null","",NA,NA,NA,NA,""
"image-keyboard-response",1051,3995394,"0.0-6.46-0.46","bc9hr80gw4q3fzx",713,"52.csv","","132.8999999910593","resources/trios/A4T3L3.jpg","38","vis1",0.7,0.3,0.5,0.154654648139495,"true"
"image-keyboard-response",1052,3995799,"0.0-6.46-1.46","bc9hr80gw4q3fzx",713,"52.csv","","null","resources/maskTrios/BT3B.jpg","null","",NA,NA,NA,NA,""
"image-keyboard-response",1053,3997001,"0.0-6.46-2.46","bc9hr80gw4q3fzx",713,"52.csv","","null","resources/images/coin2.png","null","",NA,NA,NA,NA,""
"image-keyboard-response",1054,3997063,"0.0-6.47-0.47","bc9hr80gw4q3fzx",713,"52.csv","","59.5","resources/trios/L3T3A4.jpg","38","vis1",0.5,0.3,0.7,0.166912218087416,"true"
"image-keyboard-response",1055,3997466,"0.0-6.47-1.47","bc9hr80gw4q3fzx",713,"52.csv","","null","resources/maskTrios/BT3B.jpg","null","",NA,NA,NA,NA,""
"image-keyboard-response",1056,3998669,"0.0-6.47-2.47","bc9hr80gw4q3fzx",713,"52.csv","","null","resources/images/coin2.png","null","",NA,NA,NA,NA,""
"image-keyboard-response",1057,3998900,"0.0-6.48-0.48","bc9hr80gw4q3fzx",713,"52.csv","","229","resources/trios/L3A4T3.jpg","38","vis1",0.5,0.7,0.3,0.315416006462463,"true"
"image-keyboard-response",1058,3999306,"0.0-6.48-1.48","bc9hr80gw4q3fzx",713,"52.csv","","null","resources/maskTrios/BA4B.jpg","null","",NA,NA,NA,NA,""
"image-keyboard-response",1059,4000512,"0.0-6.48-2.48","bc9hr80gw4q3fzx",713,"52.csv","","null","resources/images/coin2.png","null","",NA,NA,NA,NA,""
"image-keyboard-response",1060,4000596,"0.0-6.49-0.49","bc9hr80gw4q3fzx",713,"52.csv","","82.5","resources/trios/L3A4T3.jpg","38","vis1",0.5,0.7,0.3,0.677372910211369,"true"
"image-keyboard-response",1061,4000999,"0.0-6.49-1.49","bc9hr80gw4q3fzx",713,"52.csv","","null","resources/maskTrios/BA4B.jpg","null","",NA,NA,NA,NA,""
"image-keyboard-response",1062,4002204,"0.0-6.49-2.49","bc9hr80gw4q3fzx",713,"52.csv","","null","resources/images/coin2.png","null","",NA,NA,NA,NA,""
"survey-text",1063,4019445,"0.0-7.0","bc9hr80gw4q3fzx",713,"52.csv","","17238.10000000894","","","",NA,NA,NA,NA,""
"image-keyboard-response",1064,4022660,"0.0-8.0","bc9hr80gw4q3fzx",713,"52.csv","","3211.7999999970198","resources/images/pirate break.gif","13","",NA,NA,NA,NA,""
"image-keyboard-response",1065,4024049,"0.0-9.0-0.0","bc9hr80gw4q3fzx",713,"52.csv","","1387.5999999940395","resources/trios/A3T2L2.jpg","38","vis2",0.7,0.3,0.5,0.219330842654221,"true"
"image-keyboard-response",1066,4024451,"0.0-9.0-1.0","bc9hr80gw4q3fzx",713,"52.csv","","null","resources/maskTrios/BT2B.jpg","null","",NA,NA,NA,NA,""
"image-keyboard-response",1067,4025657,"0.0-9.0-2.0","bc9hr80gw4q3fzx",713,"52.csv","","null","resources/images/coin2.png","null","",NA,NA,NA,NA,""
"image-keyboard-response",1068,4025909,"0.0-9.1-0.1","bc9hr80gw4q3fzx",713,"52.csv","","250.20000000298023","resources/trios/T2L2A3.jpg","38","vis2",0.3,0.5,0.7,0.177789862647961,"true"
"image-keyboard-response",1069,4026313,"0.0-9.1-1.1","bc9hr80gw4q3fzx",713,"52.csv","","null","resources/maskTrios/BL2B.jpg","null","",NA,NA,NA,NA,""
"image-keyboard-response",1070,4027517,"0.0-9.1-2.1","bc9hr80gw4q3fzx",713,"52.csv","","null","resources/images/coin2.png","null","",NA,NA,NA,NA,""
"image-keyboard-response",1071,4027755,"0.0-9.2-0.2","bc9hr80gw4q3fzx",713,"52.csv","","235.79999999701977","resources/trios/T2A3L2.jpg","38","vis2",0.3,0.7,0.5,0.694331909460966,"true"
"image-keyboard-response",1072,4028161,"0.0-9.2-1.2","bc9hr80gw4q3fzx",713,"52.csv","","null","resources/maskTrios/BA3B.jpg","null","",NA,NA,NA,NA,""
"image-keyboard-response",1073,4029364,"0.0-9.2-2.2","bc9hr80gw4q3fzx",713,"52.csv","","null","resources/images/coin2.png","null","",NA,NA,NA,NA,""
"image-keyboard-response",1074,4029740,"0.0-9.3-0.3","bc9hr80gw4q3fzx",713,"52.csv","","374.30000001192093","resources/trios/T2A3L2.jpg","38","vis2",0.3,0.7,0.5,0.227470769573439,"true"
"image-keyboard-response",1075,4030142,"0.0-9.3-1.3","bc9hr80gw4q3fzx",713,"52.csv","","null","resources/maskTrios/BA3B.jpg","null","",NA,NA,NA,NA,""
"image-keyboard-response",1076,4031346,"0.0-9.3-2.3","bc9hr80gw4q3fzx",713,"52.csv","","null","resources/images/coin2.png","null","",NA,NA,NA,NA,""
"image-keyboard-response",1077,4031434,"0.0-9.4-0.4","bc9hr80gw4q3fzx",713,"52.csv","","84.29999999701977","resources/trios/T2L2A3.jpg","38","vis2",0.3,0.5,0.7,0.25840462466449,"true"
"image-keyboard-response",1078,4031839,"0.0-9.4-1.4","bc9hr80gw4q3fzx",713,"52.csv","","null","resources/maskTrios/BL2B.jpg","null","",NA,NA,NA,NA,""
"image-keyboard-response",1079,4033046,"0.0-9.4-2.4","bc9hr80gw4q3fzx",713,"52.csv","","null","resources/images/coin2.png","null","",NA,NA,NA,NA,""
"image-keyboard-response",1080,4033415,"0.0-9.5-0.5","bc9hr80gw4q3fzx",713,"52.csv","","367.30000001192093","resources/trios/T2A3L2.jpg","38","vis2",0.3,0.7,0.5,0.738467496074613,"false"
"image-keyboard-response",1081,4033820,"0.0-9.5-1.5","bc9hr80gw4q3fzx",713,"52.csv","","null","resources/maskTrios/BA3B.jpg","null","",NA,NA,NA,NA,""
"image-keyboard-response",1082,4035027,"0.0-9.5-2.5","bc9hr80gw4q3fzx",713,"52.csv","","null","resources/images/fishbone.png","null","",NA,NA,NA,NA,""
"image-keyboard-response",1083,4035259,"0.0-9.6-0.6","bc9hr80gw4q3fzx",713,"52.csv","","230","resources/trios/A3T2L2.jpg","38","vis2",0.7,0.3,0.5,0.105500139638893,"true"
"image-keyboard-response",1084,4035665,"0.0-9.6-1.6","bc9hr80gw4q3fzx",713,"52.csv","","null","resources/maskTrios/BT2B.jpg","null","",NA,NA,NA,NA,""
"image-keyboard-response",1085,4036872,"0.0-9.6-2.6","bc9hr80gw4q3fzx",713,"52.csv","","null","resources/images/coin2.png","null","",NA,NA,NA,NA,""
"image-keyboard-response",1086,4036936,"0.0-9.7-0.7","bc9hr80gw4q3fzx",713,"52.csv","","60.69999998807907","resources/trios/A3L2T2.jpg","38","vis2",0.7,0.5,0.3,0.243530107078523,"true"
"image-keyboard-response",1087,4037340,"0.0-9.7-1.7","bc9hr80gw4q3fzx",713,"52.csv","","null","resources/maskTrios/BL2B.jpg","null","",NA,NA,NA,NA,""
"image-keyboard-response",1088,4038545,"0.0-9.7-2.7","bc9hr80gw4q3fzx",713,"52.csv","","null","resources/images/coin2.png","null","",NA,NA,NA,NA,""
"image-keyboard-response",1089,4038626,"0.0-9.8-0.8","bc9hr80gw4q3fzx",713,"52.csv","","78.8999999910593","resources/trios/A3T2L2.jpg","38","vis2",0.7,0.3,0.5,0.282901365639791,"true"
"image-keyboard-response",1090,4039030,"0.0-9.8-1.8","bc9hr80gw4q3fzx",713,"52.csv","","null","resources/maskTrios/BT2B.jpg","null","",NA,NA,NA,NA,""
"image-keyboard-response",1091,4040236,"0.0-9.8-2.8","bc9hr80gw4q3fzx",713,"52.csv","","null","resources/images/coin2.png","null","",NA,NA,NA,NA,""
"image-keyboard-response",1092,4040352,"0.0-9.9-0.9","bc9hr80gw4q3fzx",713,"52.csv","","113.19999998807907","resources/trios/T2L2A3.jpg","38","vis2",0.3,0.5,0.7,0.267413317126104,"true"
"image-keyboard-response",1093,4040758,"0.0-9.9-1.9","bc9hr80gw4q3fzx",713,"52.csv","","null","resources/maskTrios/BL2B.jpg","null","",NA,NA,NA,NA,""
"image-keyboard-response",1094,4041962,"0.0-9.9-2.9","bc9hr80gw4q3fzx",713,"52.csv","","null","resources/images/coin2.png","null","",NA,NA,NA,NA,""
"image-keyboard-response",1095,4042260,"0.0-9.10-0.10","bc9hr80gw4q3fzx",713,"52.csv","","294.79999999701977","resources/trios/A3T2L2.jpg","38","vis2",0.7,0.3,0.5,0.771987601302515,"false"
"image-keyboard-response",1096,4042666,"0.0-9.10-1.10","bc9hr80gw4q3fzx",713,"52.csv","","null","resources/maskTrios/BT2B.jpg","null","",NA,NA,NA,NA,""
"image-keyboard-response",1097,4043869,"0.0-9.10-2.10","bc9hr80gw4q3fzx",713,"52.csv","","null","resources/images/fishbone.png","null","",NA,NA,NA,NA,""
"image-keyboard-response",1098,4044102,"0.0-9.11-0.11","bc9hr80gw4q3fzx",713,"52.csv","","230.40000000596046","resources/trios/A3L2T2.jpg","38","vis2",0.7,0.5,0.3,0.795767528529687,"false"
"image-keyboard-response",1099,4044509,"0.0-9.11-1.11","bc9hr80gw4q3fzx",713,"52.csv","","null","resources/maskTrios/BL2B.jpg","null","",NA,NA,NA,NA,""
"image-keyboard-response",1100,4045714,"0.0-9.11-2.11","bc9hr80gw4q3fzx",713,"52.csv","","null","resources/images/fishbone.png","null","",NA,NA,NA,NA,""
"image-keyboard-response",1101,4045968,"0.0-9.12-0.12","bc9hr80gw4q3fzx",713,"52.csv","","251.19999998807907","resources/trios/A3L2T2.jpg","39","vis2",0.7,0.5,0.3,0.236710932720447,"true"
"image-keyboard-response",1102,4046374,"0.0-9.12-1.12","bc9hr80gw4q3fzx",713,"52.csv","","null","resources/maskTrios/BBT2.jpg","null","",NA,NA,NA,NA,""
"image-keyboard-response",1103,4047577,"0.0-9.12-2.12","bc9hr80gw4q3fzx",713,"52.csv","","null","resources/images/coin2.png","null","",NA,NA,NA,NA,""
"image-keyboard-response",1104,4047768,"0.0-9.13-0.13","bc9hr80gw4q3fzx",713,"52.csv","","188.40000000596046","resources/trios/L2T2A3.jpg","39","vis2",0.5,0.3,0.7,0.717548078535373,"false"
"image-keyboard-response",1105,4048172,"0.0-9.13-1.13","bc9hr80gw4q3fzx",713,"52.csv","","null","resources/maskTrios/BBA3.jpg","null","",NA,NA,NA,NA,""
"image-keyboard-response",1106,4049378,"0.0-9.13-2.13","bc9hr80gw4q3fzx",713,"52.csv","","null","resources/images/fishbone.png","null","",NA,NA,NA,NA,""
"image-keyboard-response",1107,4049542,"0.0-9.14-0.14","bc9hr80gw4q3fzx",713,"52.csv","","162.69999998807907","resources/trios/A3T2L2.jpg","38","vis2",0.7,0.3,0.5,0.709484331611426,"false"
"image-keyboard-response",1108,4049944,"0.0-9.14-1.14","bc9hr80gw4q3fzx",713,"52.csv","","null","resources/maskTrios/BT2B.jpg","null","",NA,NA,NA,NA,""
"image-keyboard-response",1109,4051147,"0.0-9.14-2.14","bc9hr80gw4q3fzx",713,"52.csv","","null","resources/images/fishbone.png","null","",NA,NA,NA,NA,""
"image-keyboard-response",1110,4051674,"0.0-9.15-0.15","bc9hr80gw4q3fzx",713,"52.csv","","524.5999999940395","resources/trios/L2A3T2.jpg","37","vis2",0.5,0.7,0.3,0.0767454604804616,"true"
"image-keyboard-response",1111,4052078,"0.0-9.15-1.15","bc9hr80gw4q3fzx",713,"52.csv","","null","resources/maskTrios/L2BB.jpg","null","",NA,NA,NA,NA,""
"image-keyboard-response",1112,4053282,"0.0-9.15-2.15","bc9hr80gw4q3fzx",713,"52.csv","","null","resources/images/coin2.png","null","",NA,NA,NA,NA,""
"image-keyboard-response",1113,4053792,"0.0-9.16-0.16","bc9hr80gw4q3fzx",713,"52.csv","","507.59999999403954","resources/trios/A3T2L2.jpg","39","vis2",0.7,0.3,0.5,0.645809694816657,"false"
"image-keyboard-response",1114,4054198,"0.0-9.16-1.16","bc9hr80gw4q3fzx",713,"52.csv","","null","resources/maskTrios/BBL2.jpg","null","",NA,NA,NA,NA,""
"image-keyboard-response",1115,4055404,"0.0-9.16-2.16","bc9hr80gw4q3fzx",713,"52.csv","","null","resources/images/fishbone.png","null","",NA,NA,NA,NA,""
"image-keyboard-response",1116,4055650,"0.0-9.17-0.17","bc9hr80gw4q3fzx",713,"52.csv","","244.29999999701977","resources/trios/T2L2A3.jpg","37","vis2",0.3,0.5,0.7,0.706477581135167,"false"
"image-keyboard-response",1117,4056056,"0.0-9.17-1.17","bc9hr80gw4q3fzx",713,"52.csv","","null","resources/maskTrios/T2BB.jpg","null","",NA,NA,NA,NA,""
"image-keyboard-response",1118,4057258,"0.0-9.17-2.17","bc9hr80gw4q3fzx",713,"52.csv","","null","resources/images/fishbone.png","null","",NA,NA,NA,NA,""
"image-keyboard-response",1119,4057590,"0.0-9.18-0.18","bc9hr80gw4q3fzx",713,"52.csv","","330.69999998807907","resources/trios/T2L2A3.jpg","37","vis2",0.3,0.5,0.7,0.862800126341487,"false"
"image-keyboard-response",1120,4057993,"0.0-9.18-1.18","bc9hr80gw4q3fzx",713,"52.csv","","null","resources/maskTrios/T2BB.jpg","null","",NA,NA,NA,NA,""
"image-keyboard-response",1121,4059197,"0.0-9.18-2.18","bc9hr80gw4q3fzx",713,"52.csv","","null","resources/images/fishbone.png","null","",NA,NA,NA,NA,""
"image-keyboard-response",1122,4059414,"0.0-9.19-0.19","bc9hr80gw4q3fzx",713,"52.csv","","215.3999999910593","resources/trios/L2T2A3.jpg","38","vis2",0.5,0.3,0.7,0.143654940358653,"true"
"image-keyboard-response",1123,4059816,"0.0-9.19-1.19","bc9hr80gw4q3fzx",713,"52.csv","","null","resources/maskTrios/BT2B.jpg","null","",NA,NA,NA,NA,""
"image-keyboard-response",1124,4061018,"0.0-9.19-2.19","bc9hr80gw4q3fzx",713,"52.csv","","null","resources/images/coin2.png","null","",NA,NA,NA,NA,""
"image-keyboard-response",1125,4061164,"0.0-9.20-0.20","bc9hr80gw4q3fzx",713,"52.csv","","144.20000000298023","resources/trios/A3T2L2.jpg","38","vis2",0.7,0.3,0.5,0.509856267877954,"false"
"image-keyboard-response",1126,4061568,"0.0-9.20-1.20","bc9hr80gw4q3fzx",713,"52.csv","","null","resources/maskTrios/BT2B.jpg","null","",NA,NA,NA,NA,""
"image-keyboard-response",1127,4062774,"0.0-9.20-2.20","bc9hr80gw4q3fzx",713,"52.csv","","null","resources/images/fishbone.png","null","",NA,NA,NA,NA,""
"image-keyboard-response",1128,4062979,"0.0-9.21-0.21","bc9hr80gw4q3fzx",713,"52.csv","","202.79999999701977","resources/trios/A3T2L2.jpg","38","vis2",0.7,0.3,0.5,0.311413794374855,"false"
"image-keyboard-response",1129,4063383,"0.0-9.21-1.21","bc9hr80gw4q3fzx",713,"52.csv","","null","resources/maskTrios/BT2B.jpg","null","",NA,NA,NA,NA,""
"image-keyboard-response",1130,4064589,"0.0-9.21-2.21","bc9hr80gw4q3fzx",713,"52.csv","","null","resources/images/fishbone.png","null","",NA,NA,NA,NA,""
"image-keyboard-response",1131,4065041,"0.0-9.22-0.22","bc9hr80gw4q3fzx",713,"52.csv","","450.3999999910593","resources/trios/L2T2A3.jpg","37","vis2",0.5,0.3,0.7,0.512912749901593,"false"
"image-keyboard-response",1132,4065445,"0.0-9.22-1.22","bc9hr80gw4q3fzx",713,"52.csv","","null","resources/maskTrios/L2BB.jpg","null","",NA,NA,NA,NA,""
"image-keyboard-response",1133,4066649,"0.0-9.22-2.22","bc9hr80gw4q3fzx",713,"52.csv","","null","resources/images/fishbone.png","null","",NA,NA,NA,NA,""
"image-keyboard-response",1134,4066857,"0.0-9.23-0.23","bc9hr80gw4q3fzx",713,"52.csv","","205.40000000596046","resources/trios/L2A3T2.jpg","38","vis2",0.5,0.7,0.3,0.0250565700671763,"true"
"image-keyboard-response",1135,4067261,"0.0-9.23-1.23","bc9hr80gw4q3fzx",713,"52.csv","","null","resources/maskTrios/BA3B.jpg","null","",NA,NA,NA,NA,""
"image-keyboard-response",1136,4068466,"0.0-9.23-2.23","bc9hr80gw4q3fzx",713,"52.csv","","null","resources/images/coin2.png","null","",NA,NA,NA,NA,""
"image-keyboard-response",1137,4069035,"0.0-9.24-0.24","bc9hr80gw4q3fzx",713,"52.csv","","567.4000000059605","resources/trios/T2A3L2.jpg","38","vis2",0.3,0.7,0.5,0.328768832741642,"true"
"image-keyboard-response",1138,4069441,"0.0-9.24-1.24","bc9hr80gw4q3fzx",713,"52.csv","","null","resources/maskTrios/BA3B.jpg","null","",NA,NA,NA,NA,""
"image-keyboard-response",1139,4070643,"0.0-9.24-2.24","bc9hr80gw4q3fzx",713,"52.csv","","null","resources/images/coin2.png","null","",NA,NA,NA,NA,""
"image-keyboard-response",1140,4070958,"0.0-9.25-0.25","bc9hr80gw4q3fzx",713,"52.csv","","313.09999999403954","resources/trios/T2L2A3.jpg","38","vis2",0.3,0.5,0.7,0.55203290631349,"false"
"image-keyboard-response",1141,4071363,"0.0-9.25-1.25","bc9hr80gw4q3fzx",713,"52.csv","","null","resources/maskTrios/BL2B.jpg","null","",NA,NA,NA,NA,""
"image-keyboard-response",1142,4072566,"0.0-9.25-2.25","bc9hr80gw4q3fzx",713,"52.csv","","null","resources/images/fishbone.png","null","",NA,NA,NA,NA,""
"image-keyboard-response",1143,4072680,"0.0-9.26-0.26","bc9hr80gw4q3fzx",713,"52.csv","","112.3999999910593","resources/trios/L2A3T2.jpg","38","vis2",0.5,0.7,0.3,0.49463794272163,"true"
"image-keyboard-response",1144,4073085,"0.0-9.26-1.26","bc9hr80gw4q3fzx",713,"52.csv","","null","resources/maskTrios/BA3B.jpg","null","",NA,NA,NA,NA,""
"image-keyboard-response",1145,4074291,"0.0-9.26-2.26","bc9hr80gw4q3fzx",713,"52.csv","","null","resources/images/coin2.png","null","",NA,NA,NA,NA,""
"image-keyboard-response",1146,4074675,"0.0-9.27-0.27","bc9hr80gw4q3fzx",713,"52.csv","","382","resources/trios/T2L2A3.jpg","38","vis2",0.3,0.5,0.7,0.0700580149231598,"true"
"image-keyboard-response",1147,4075081,"0.0-9.27-1.27","bc9hr80gw4q3fzx",713,"52.csv","","null","resources/maskTrios/BL2B.jpg","null","",NA,NA,NA,NA,""
"image-keyboard-response",1148,4076284,"0.0-9.27-2.27","bc9hr80gw4q3fzx",713,"52.csv","","null","resources/images/coin2.png","null","",NA,NA,NA,NA,""
"image-keyboard-response",1149,4076424,"0.0-9.28-0.28","bc9hr80gw4q3fzx",713,"52.csv","","137.79999999701977","resources/trios/T2L2A3.jpg","38","vis2",0.3,0.5,0.7,0.463909868656726,"true"
"image-keyboard-response",1150,4076830,"0.0-9.28-1.28","bc9hr80gw4q3fzx",713,"52.csv","","null","resources/maskTrios/BL2B.jpg","null","",NA,NA,NA,NA,""
"image-keyboard-response",1151,4078032,"0.0-9.28-2.28","bc9hr80gw4q3fzx",713,"52.csv","","null","resources/images/coin2.png","null","",NA,NA,NA,NA,""
"image-keyboard-response",1152,4078036,"0.0-9.29-0.29","bc9hr80gw4q3fzx",713,"52.csv","","1.4000000059604645","resources/trios/A3L2T2.jpg","38","vis2",0.7,0.5,0.3,0.329195248663372,"true"
"image-keyboard-response",1153,4078442,"0.0-9.29-1.29","bc9hr80gw4q3fzx",713,"52.csv","","null","resources/maskTrios/BL2B.jpg","null","",NA,NA,NA,NA,""
"image-keyboard-response",1154,4079647,"0.0-9.29-2.29","bc9hr80gw4q3fzx",713,"52.csv","","null","resources/images/coin2.png","null","",NA,NA,NA,NA,""
"image-keyboard-response",1155,4079667,"0.0-9.30-0.30","bc9hr80gw4q3fzx",713,"52.csv","","17.5","resources/trios/A3L2T2.jpg","38","vis2",0.7,0.5,0.3,0.0683862569451663,"true"
"image-keyboard-response",1156,4080073,"0.0-9.30-1.30","bc9hr80gw4q3fzx",713,"52.csv","","null","resources/maskTrios/BL2B.jpg","null","",NA,NA,NA,NA,""
"image-keyboard-response",1157,4081277,"0.0-9.30-2.30","bc9hr80gw4q3fzx",713,"52.csv","","null","resources/images/coin2.png","null","",NA,NA,NA,NA,""
"image-keyboard-response",1158,4081421,"0.0-9.31-0.31","bc9hr80gw4q3fzx",713,"52.csv","","141.59999999403954","resources/trios/L2T2A3.jpg","38","vis2",0.5,0.3,0.7,0.0896970089548421,"true"
"image-keyboard-response",1159,4081825,"0.0-9.31-1.31","bc9hr80gw4q3fzx",713,"52.csv","","null","resources/maskTrios/BT2B.jpg","null","",NA,NA,NA,NA,""
"image-keyboard-response",1160,4083027,"0.0-9.31-2.31","bc9hr80gw4q3fzx",713,"52.csv","","null","resources/images/coin2.png","null","",NA,NA,NA,NA,""
"image-keyboard-response",1161,4083069,"0.0-9.32-0.32","bc9hr80gw4q3fzx",713,"52.csv","","39.3999999910593","resources/trios/L2T2A3.jpg","38","vis2",0.5,0.3,0.7,0.853404495686045,"false"
"image-keyboard-response",1162,4083471,"0.0-9.32-1.32","bc9hr80gw4q3fzx",713,"52.csv","","null","resources/maskTrios/BT2B.jpg","null","",NA,NA,NA,NA,""
"image-keyboard-response",1163,4084675,"0.0-9.32-2.32","bc9hr80gw4q3fzx",713,"52.csv","","null","resources/images/fishbone.png","null","",NA,NA,NA,NA,""
"image-keyboard-response",1164,4084843,"0.0-9.33-0.33","bc9hr80gw4q3fzx",713,"52.csv","","166.29999999701977","resources/trios/L2T2A3.jpg","38","vis2",0.5,0.3,0.7,0.746092732842458,"false"
"image-keyboard-response",1165,4085250,"0.0-9.33-1.33","bc9hr80gw4q3fzx",713,"52.csv","","null","resources/maskTrios/BT2B.jpg","null","",NA,NA,NA,NA,""
"image-keyboard-response",1166,4086455,"0.0-9.33-2.33","bc9hr80gw4q3fzx",713,"52.csv","","null","resources/images/fishbone.png","null","",NA,NA,NA,NA,""
"image-keyboard-response",1167,4086555,"0.0-9.34-0.34","bc9hr80gw4q3fzx",713,"52.csv","","98.79999999701977","resources/trios/T2L2A3.jpg","38","vis2",0.3,0.5,0.7,0.872834829894334,"false"
"image-keyboard-response",1168,4086962,"0.0-9.34-1.34","bc9hr80gw4q3fzx",713,"52.csv","","null","resources/maskTrios/BL2B.jpg","null","",NA,NA,NA,NA,""
"image-keyboard-response",1169,4088165,"0.0-9.34-2.34","bc9hr80gw4q3fzx",713,"52.csv","","null","resources/images/fishbone.png","null","",NA,NA,NA,NA,""
"image-keyboard-response",1170,4090117,"0.0-9.35-0.35","bc9hr80gw4q3fzx",713,"52.csv","","1949.7000000029802","resources/trios/A3L2T2.jpg","37","vis2",0.7,0.5,0.3,0.802613691028692,"false"
"image-keyboard-response",1171,4090523,"0.0-9.35-1.35","bc9hr80gw4q3fzx",713,"52.csv","","null","resources/maskTrios/A3BB.jpg","null","",NA,NA,NA,NA,""
"image-keyboard-response",1172,4091730,"0.0-9.35-2.35","bc9hr80gw4q3fzx",713,"52.csv","","null","resources/images/fishbone.png","null","",NA,NA,NA,NA,""
"image-keyboard-response",1173,4092209,"0.0-9.36-0.36","bc9hr80gw4q3fzx",713,"52.csv","","476.5","resources/trios/A3L2T2.jpg","39","vis2",0.7,0.5,0.3,0.466521798226352,"false"
"image-keyboard-response",1174,4092612,"0.0-9.36-1.36","bc9hr80gw4q3fzx",713,"52.csv","","null","resources/maskTrios/BBT2.jpg","null","",NA,NA,NA,NA,""
"image-keyboard-response",1175,4093819,"0.0-9.36-2.36","bc9hr80gw4q3fzx",713,"52.csv","","null","resources/images/fishbone.png","null","",NA,NA,NA,NA,""
"image-keyboard-response",1176,4093850,"0.0-9.37-0.37","bc9hr80gw4q3fzx",713,"52.csv","","29.299999997019768","resources/trios/T2A3L2.jpg","38","vis2",0.3,0.7,0.5,0.36058648405116,"true"
"image-keyboard-response",1177,4094252,"0.0-9.37-1.37","bc9hr80gw4q3fzx",713,"52.csv","","null","resources/maskTrios/BA3B.jpg","null","",NA,NA,NA,NA,""
"image-keyboard-response",1178,4095458,"0.0-9.37-2.37","bc9hr80gw4q3fzx",713,"52.csv","","null","resources/images/coin2.png","null","",NA,NA,NA,NA,""
"image-keyboard-response",1179,4095491,"0.0-9.38-0.38","bc9hr80gw4q3fzx",713,"52.csv","","31.299999997019768","resources/trios/L2T2A3.jpg","38","vis2",0.5,0.3,0.7,0.156552235336667,"true"
"image-keyboard-response",1180,4095893,"0.0-9.38-1.38","bc9hr80gw4q3fzx",713,"52.csv","","null","resources/maskTrios/BT2B.jpg","null","",NA,NA,NA,NA,""
"image-keyboard-response",1181,4097097,"0.0-9.38-2.38","bc9hr80gw4q3fzx",713,"52.csv","","null","resources/images/coin2.png","null","",NA,NA,NA,NA,""
"image-keyboard-response",1182,4097186,"0.0-9.39-0.39","bc9hr80gw4q3fzx",713,"52.csv","","86","resources/trios/T2A3L2.jpg","38","vis2",0.3,0.7,0.5,0.756153754437122,"false"
"image-keyboard-response",1183,4097588,"0.0-9.39-1.39","bc9hr80gw4q3fzx",713,"52.csv","","null","resources/maskTrios/BA3B.jpg","null","",NA,NA,NA,NA,""
"image-keyboard-response",1184,4098792,"0.0-9.39-2.39","bc9hr80gw4q3fzx",713,"52.csv","","null","resources/images/fishbone.png","null","",NA,NA,NA,NA,""
"image-keyboard-response",1185,4098866,"0.0-9.40-0.40","bc9hr80gw4q3fzx",713,"52.csv","","71.70000000298023","resources/trios/A3L2T2.jpg","38","vis2",0.7,0.5,0.3,0.166042354064195,"true"
"image-keyboard-response",1186,4099270,"0.0-9.40-1.40","bc9hr80gw4q3fzx",713,"52.csv","","null","resources/maskTrios/BL2B.jpg","null","",NA,NA,NA,NA,""
"image-keyboard-response",1187,4100473,"0.0-9.40-2.40","bc9hr80gw4q3fzx",713,"52.csv","","null","resources/images/coin2.png","null","",NA,NA,NA,NA,""
"image-keyboard-response",1188,4100610,"0.0-9.41-0.41","bc9hr80gw4q3fzx",713,"52.csv","","134.40000000596046","resources/trios/L2T2A3.jpg","38","vis2",0.5,0.3,0.7,0.18426443982676,"true"
"image-keyboard-response",1189,4101012,"0.0-9.41-1.41","bc9hr80gw4q3fzx",713,"52.csv","","null","resources/maskTrios/BT2B.jpg","null","",NA,NA,NA,NA,""
"image-keyboard-response",1190,4102215,"0.0-9.41-2.41","bc9hr80gw4q3fzx",713,"52.csv","","null","resources/images/coin2.png","null","",NA,NA,NA,NA,""
"image-keyboard-response",1191,4102259,"0.0-9.42-0.42","bc9hr80gw4q3fzx",713,"52.csv","","41.3999999910593","resources/trios/T2A3L2.jpg","38","vis2",0.3,0.7,0.5,0.91708878945321,"false"
"image-keyboard-response",1192,4102664,"0.0-9.42-1.42","bc9hr80gw4q3fzx",713,"52.csv","","null","resources/maskTrios/BA3B.jpg","null","",NA,NA,NA,NA,""
"image-keyboard-response",1193,4103870,"0.0-9.42-2.42","bc9hr80gw4q3fzx",713,"52.csv","","null","resources/images/fishbone.png","null","",NA,NA,NA,NA,""
"image-keyboard-response",1194,4103899,"0.0-9.43-0.43","bc9hr80gw4q3fzx",713,"52.csv","","26.799999997019768","resources/trios/L2A3T2.jpg","38","vis2",0.5,0.7,0.3,0.625170834040101,"true"
"image-keyboard-response",1195,4104304,"0.0-9.43-1.43","bc9hr80gw4q3fzx",713,"52.csv","","null","resources/maskTrios/BA3B.jpg","null","",NA,NA,NA,NA,""
"image-keyboard-response",1196,4105506,"0.0-9.43-2.43","bc9hr80gw4q3fzx",713,"52.csv","","null","resources/images/coin2.png","null","",NA,NA,NA,NA,""
"image-keyboard-response",1197,4105632,"0.0-9.44-0.44","bc9hr80gw4q3fzx",713,"52.csv","","124.20000000298023","resources/trios/A3T2L2.jpg","38","vis2",0.7,0.3,0.5,0.991299354299623,"false"
"image-keyboard-response",1198,4106039,"0.0-9.44-1.44","bc9hr80gw4q3fzx",713,"52.csv","","null","resources/maskTrios/BT2B.jpg","null","",NA,NA,NA,NA,""
"image-keyboard-response",1199,4107242,"0.0-9.44-2.44","bc9hr80gw4q3fzx",713,"52.csv","","null","resources/images/fishbone.png","null","",NA,NA,NA,NA,""
"image-keyboard-response",1200,4107291,"0.0-9.45-0.45","bc9hr80gw4q3fzx",713,"52.csv","","47","resources/trios/A3L2T2.jpg","38","vis2",0.7,0.5,0.3,0.545604315711709,"false"
"image-keyboard-response",1201,4107697,"0.0-9.45-1.45","bc9hr80gw4q3fzx",713,"52.csv","","null","resources/maskTrios/BL2B.jpg","null","",NA,NA,NA,NA,""
"image-keyboard-response",1202,4108904,"0.0-9.45-2.45","bc9hr80gw4q3fzx",713,"52.csv","","null","resources/images/fishbone.png","null","",NA,NA,NA,NA,""
"image-keyboard-response",1203,4108987,"0.0-9.46-0.46","bc9hr80gw4q3fzx",713,"52.csv","","81.09999999403954","resources/trios/T2L2A3.jpg","38","vis2",0.3,0.5,0.7,0.802909505542099,"false"
"image-keyboard-response",1204,4109390,"0.0-9.46-1.46","bc9hr80gw4q3fzx",713,"52.csv","","null","resources/maskTrios/BL2B.jpg","null","",NA,NA,NA,NA,""
"image-keyboard-response",1205,4110597,"0.0-9.46-2.46","bc9hr80gw4q3fzx",713,"52.csv","","null","resources/images/fishbone.png","null","",NA,NA,NA,NA,""
"image-keyboard-response",1206,4110843,"0.0-9.47-0.47","bc9hr80gw4q3fzx",713,"52.csv","","243.90000000596046","resources/trios/A3L2T2.jpg","37","vis2",0.7,0.5,0.3,0.666091880867936,"true"
"image-keyboard-response",1207,4111248,"0.0-9.47-1.47","bc9hr80gw4q3fzx",713,"52.csv","","null","resources/maskTrios/A3BB.jpg","null","",NA,NA,NA,NA,""
"image-keyboard-response",1208,4112453,"0.0-9.47-2.47","bc9hr80gw4q3fzx",713,"52.csv","","null","resources/images/coin2.png","null","",NA,NA,NA,NA,""
"image-keyboard-response",1209,4112606,"0.0-9.48-0.48","bc9hr80gw4q3fzx",713,"52.csv","","150.79999999701977","resources/trios/T2A3L2.jpg","38","vis2",0.3,0.7,0.5,0.54347189248224,"true"
"image-keyboard-response",1210,4113010,"0.0-9.48-1.48","bc9hr80gw4q3fzx",713,"52.csv","","null","resources/maskTrios/BA3B.jpg","null","",NA,NA,NA,NA,""
"image-keyboard-response",1211,4114212,"0.0-9.48-2.48","bc9hr80gw4q3fzx",713,"52.csv","","null","resources/images/coin2.png","null","",NA,NA,NA,NA,""
"image-keyboard-response",1212,4114316,"0.0-9.49-0.49","bc9hr80gw4q3fzx",713,"52.csv","","102","resources/trios/L2T2A3.jpg","38","vis2",0.5,0.3,0.7,0.305199733112274,"false"
"image-keyboard-response",1213,4114721,"0.0-9.49-1.49","bc9hr80gw4q3fzx",713,"52.csv","","null","resources/maskTrios/BT2B.jpg","null","",NA,NA,NA,NA,""
"image-keyboard-response",1214,4115927,"0.0-9.49-2.49","bc9hr80gw4q3fzx",713,"52.csv","","null","resources/images/fishbone.png","null","",NA,NA,NA,NA,""
"survey-text",1215,4131988,"0.0-10.0","bc9hr80gw4q3fzx",713,"52.csv","","16057.40000000596","","","",NA,NA,NA,NA,""
"image-keyboard-response",1216,4133344,"0.0-11.0","bc9hr80gw4q3fzx",713,"52.csv","","1353.5999999940395","resources/images/pirate break.gif","13","",NA,NA,NA,NA,""
"image-keyboard-response",1217,4135489,"0.0-12.0-0.0","bc9hr80gw4q3fzx",713,"52.csv","","2143.4000000059605","resources/trios/T2L2A3.jpg","38","vis 2 reversal",0.7,0.5,0.3,0.34415894032811,"true"
"image-keyboard-response",1218,4135894,"0.0-12.0-1.0","bc9hr80gw4q3fzx",713,"52.csv","","null","resources/maskTrios/BL2B.jpg","null","",NA,NA,NA,NA,""
"image-keyboard-response",1219,4137099,"0.0-12.0-2.0","bc9hr80gw4q3fzx",713,"52.csv","","null","resources/images/coin2.png","null","",NA,NA,NA,NA,""
"image-keyboard-response",1220,4137266,"0.0-12.1-0.1","bc9hr80gw4q3fzx",713,"52.csv","","164.20000000298023","resources/trios/T2A3L2.jpg","38","vis 2 reversal",0.5,0.7,0.3,0.359265164922591,"true"
"image-keyboard-response",1221,4137672,"0.0-12.1-1.1","bc9hr80gw4q3fzx",713,"52.csv","","null","resources/maskTrios/BA3B.jpg","null","",NA,NA,NA,NA,""
"image-keyboard-response",1222,4138876,"0.0-12.1-2.1","bc9hr80gw4q3fzx",713,"52.csv","","null","resources/images/coin2.png","null","",NA,NA,NA,NA,""
"image-keyboard-response",1223,4139014,"0.0-12.2-0.2","bc9hr80gw4q3fzx",713,"52.csv","","135.40000000596046","resources/trios/A3L2T2.jpg","38","vis 2 reversal",0.3,0.5,0.7,0.122702945664507,"true"
"image-keyboard-response",1224,4139419,"0.0-12.2-1.2","bc9hr80gw4q3fzx",713,"52.csv","","null","resources/maskTrios/BL2B.jpg","null","",NA,NA,NA,NA,""
"image-keyboard-response",1225,4140621,"0.0-12.2-2.2","bc9hr80gw4q3fzx",713,"52.csv","","null","resources/images/coin2.png","null","",NA,NA,NA,NA,""
"image-keyboard-response",1226,4140701,"0.0-12.3-0.3","bc9hr80gw4q3fzx",713,"52.csv","","77.79999999701977","resources/trios/L2A3T2.jpg","38","vis 2 reversal",0.3,0.7,0.5,0.416146424434514,"true"
"image-keyboard-response",1227,4141107,"0.0-12.3-1.3","bc9hr80gw4q3fzx",713,"52.csv","","null","resources/maskTrios/BA3B.jpg","null","",NA,NA,NA,NA,""
"image-keyboard-response",1228,4142314,"0.0-12.3-2.3","bc9hr80gw4q3fzx",713,"52.csv","","null","resources/images/coin2.png","null","",NA,NA,NA,NA,""
"image-keyboard-response",1229,4142383,"0.0-12.4-0.4","bc9hr80gw4q3fzx",713,"52.csv","","67.40000000596046","resources/trios/T2L2A3.jpg","38","vis 2 reversal",0.7,0.5,0.3,0.911283232044793,"false"
"image-keyboard-response",1230,4142788,"0.0-12.4-1.4","bc9hr80gw4q3fzx",713,"52.csv","","null","resources/maskTrios/BL2B.jpg","null","",NA,NA,NA,NA,""
"image-keyboard-response",1231,4143991,"0.0-12.4-2.4","bc9hr80gw4q3fzx",713,"52.csv","","null","resources/images/fishbone.png","null","",NA,NA,NA,NA,""
"image-keyboard-response",1232,4144299,"0.0-12.5-0.5","bc9hr80gw4q3fzx",713,"52.csv","","306","resources/trios/L2A3T2.jpg","38","vis 2 reversal",0.3,0.7,0.5,0.155133841669345,"true"
"image-keyboard-response",1233,4144706,"0.0-12.5-1.5","bc9hr80gw4q3fzx",713,"52.csv","","null","resources/maskTrios/BA3B.jpg","null","",NA,NA,NA,NA,""
"image-keyboard-response",1234,4145909,"0.0-12.5-2.5","bc9hr80gw4q3fzx",713,"52.csv","","null","resources/images/coin2.png","null","",NA,NA,NA,NA,""
"image-keyboard-response",1235,4146027,"0.0-12.6-0.6","bc9hr80gw4q3fzx",713,"52.csv","","115.59999999403954","resources/trios/L2T2A3.jpg","38","vis 2 reversal",0.7,0.3,0.5,0.579858385580863,"false"
"image-keyboard-response",1236,4146432,"0.0-12.6-1.6","bc9hr80gw4q3fzx",713,"52.csv","","null","resources/maskTrios/BT2B.jpg","null","",NA,NA,NA,NA,""
"image-keyboard-response",1237,4147638,"0.0-12.6-2.6","bc9hr80gw4q3fzx",713,"52.csv","","null","resources/images/fishbone.png","null","",NA,NA,NA,NA,""
"image-keyboard-response",1238,4147641,"0.0-12.7-0.7","bc9hr80gw4q3fzx",713,"52.csv","","1.2000000029802322","resources/trios/T2L2A3.jpg","38","vis 2 reversal",0.7,0.5,0.3,0.413531965643048,"true"
"image-keyboard-response",1239,4148046,"0.0-12.7-1.7","bc9hr80gw4q3fzx",713,"52.csv","","null","resources/maskTrios/BL2B.jpg","null","",NA,NA,NA,NA,""
"image-keyboard-response",1240,4149249,"0.0-12.7-2.7","bc9hr80gw4q3fzx",713,"52.csv","","null","resources/images/coin2.png","null","",NA,NA,NA,NA,""
"image-keyboard-response",1241,4149470,"0.0-12.8-0.8","bc9hr80gw4q3fzx",713,"52.csv","","218.79999999701977","resources/trios/L2A3T2.jpg","38","vis 2 reversal",0.3,0.7,0.5,0.275774536554563,"true"
"image-keyboard-response",1242,4149875,"0.0-12.8-1.8","bc9hr80gw4q3fzx",713,"52.csv","","null","resources/maskTrios/BA3B.jpg","null","",NA,NA,NA,NA,""
"image-keyboard-response",1243,4151080,"0.0-12.8-2.8","bc9hr80gw4q3fzx",713,"52.csv","","null","resources/images/coin2.png","null","",NA,NA,NA,NA,""
"image-keyboard-response",1244,4151165,"0.0-12.9-0.9","bc9hr80gw4q3fzx",713,"52.csv","","83.1000000089407","resources/trios/L2A3T2.jpg","38","vis 2 reversal",0.3,0.7,0.5,0.901000133600151,"false"
"image-keyboard-response",1245,4151567,"0.0-12.9-1.9","bc9hr80gw4q3fzx",713,"52.csv","","null","resources/maskTrios/BA3B.jpg","null","",NA,NA,NA,NA,""
"image-keyboard-response",1246,4152770,"0.0-12.9-2.9","bc9hr80gw4q3fzx",713,"52.csv","","null","resources/images/fishbone.png","null","",NA,NA,NA,NA,""
"image-keyboard-response",1247,4152927,"0.0-12.10-0.10","bc9hr80gw4q3fzx",713,"52.csv","","154.3999999910593","resources/trios/L2T2A3.jpg","38","vis 2 reversal",0.7,0.3,0.5,0.242954347565831,"true"
"image-keyboard-response",1248,4153333,"0.0-12.10-1.10","bc9hr80gw4q3fzx",713,"52.csv","","null","resources/maskTrios/BT2B.jpg","null","",NA,NA,NA,NA,""
"image-keyboard-response",1249,4154538,"0.0-12.10-2.10","bc9hr80gw4q3fzx",713,"52.csv","","null","resources/images/coin2.png","null","",NA,NA,NA,NA,""
"image-keyboard-response",1250,4154636,"0.0-12.11-0.11","bc9hr80gw4q3fzx",713,"52.csv","","94.79999999701977","resources/trios/A3T2L2.jpg","38","vis 2 reversal",0.5,0.3,0.7,0.0923397325546536,"true"
"image-keyboard-response",1251,4155039,"0.0-12.11-1.11","bc9hr80gw4q3fzx",713,"52.csv","","null","resources/maskTrios/BT2B.jpg","null","",NA,NA,NA,NA,""
"image-keyboard-response",1252,4156243,"0.0-12.11-2.11","bc9hr80gw4q3fzx",713,"52.csv","","null","resources/images/coin2.png","null","",NA,NA,NA,NA,""
"image-keyboard-response",1253,4156344,"0.0-12.12-0.12","bc9hr80gw4q3fzx",713,"52.csv","","98.90000000596046","resources/trios/A3L2T2.jpg","38","vis 2 reversal",0.3,0.5,0.7,0.538846273105788,"false"
"image-keyboard-response",1254,4156750,"0.0-12.12-1.12","bc9hr80gw4q3fzx",713,"52.csv","","null","resources/maskTrios/BL2B.jpg","null","",NA,NA,NA,NA,""
"image-keyboard-response",1255,4157955,"0.0-12.12-2.12","bc9hr80gw4q3fzx",713,"52.csv","","null","resources/images/fishbone.png","null","",NA,NA,NA,NA,""
"image-keyboard-response",1256,4158060,"0.0-12.13-0.13","bc9hr80gw4q3fzx",713,"52.csv","","102.19999998807907","resources/trios/A3T2L2.jpg","38","vis 2 reversal",0.5,0.3,0.7,0.638487676257539,"false"
"image-keyboard-response",1257,4158464,"0.0-12.13-1.13","bc9hr80gw4q3fzx",713,"52.csv","","null","resources/maskTrios/BT2B.jpg","null","",NA,NA,NA,NA,""
"image-keyboard-response",1258,4159668,"0.0-12.13-2.13","bc9hr80gw4q3fzx",713,"52.csv","","null","resources/images/fishbone.png","null","",NA,NA,NA,NA,""
"image-keyboard-response",1259,4159704,"0.0-12.14-0.14","bc9hr80gw4q3fzx",713,"52.csv","","33.70000000298023","resources/trios/T2L2A3.jpg","38","vis 2 reversal",0.7,0.5,0.3,0.522908718610203,"false"
"image-keyboard-response",1260,4160109,"0.0-12.14-1.14","bc9hr80gw4q3fzx",713,"52.csv","","null","resources/maskTrios/BL2B.jpg","null","",NA,NA,NA,NA,""
"image-keyboard-response",1261,4161311,"0.0-12.14-2.14","bc9hr80gw4q3fzx",713,"52.csv","","null","resources/images/fishbone.png","null","",NA,NA,NA,NA,""
"image-keyboard-response",1262,4161568,"0.0-12.15-0.15","bc9hr80gw4q3fzx",713,"52.csv","","254.20000000298023","resources/trios/L2A3T2.jpg","38","vis 2 reversal",0.3,0.7,0.5,0.59142092616168,"true"
"image-keyboard-response",1263,4161973,"0.0-12.15-1.15","bc9hr80gw4q3fzx",713,"52.csv","","null","resources/maskTrios/BA3B.jpg","null","",NA,NA,NA,NA,""
"image-keyboard-response",1264,4163180,"0.0-12.15-2.15","bc9hr80gw4q3fzx",713,"52.csv","","null","resources/images/coin2.png","null","",NA,NA,NA,NA,""
"image-keyboard-response",1265,4163351,"0.0-12.16-0.16","bc9hr80gw4q3fzx",713,"52.csv","","167.90000000596046","resources/trios/T2A3L2.jpg","38","vis 2 reversal",0.5,0.7,0.3,0.480171118986765,"true"
"image-keyboard-response",1266,4163757,"0.0-12.16-1.16","bc9hr80gw4q3fzx",713,"52.csv","","null","resources/maskTrios/BA3B.jpg","null","",NA,NA,NA,NA,""
"image-keyboard-response",1267,4164963,"0.0-12.16-2.16","bc9hr80gw4q3fzx",713,"52.csv","","null","resources/images/coin2.png","null","",NA,NA,NA,NA,""
"image-keyboard-response",1268,4165020,"0.0-12.17-0.17","bc9hr80gw4q3fzx",713,"52.csv","","54.900000005960464","resources/trios/L2T2A3.jpg","38","vis 2 reversal",0.7,0.3,0.5,0.0915046210635848,"true"
"image-keyboard-response",1269,4165426,"0.0-12.17-1.17","bc9hr80gw4q3fzx",713,"52.csv","","null","resources/maskTrios/BT2B.jpg","null","",NA,NA,NA,NA,""
"image-keyboard-response",1270,4166632,"0.0-12.17-2.17","bc9hr80gw4q3fzx",713,"52.csv","","null","resources/images/coin2.png","null","",NA,NA,NA,NA,""
"image-keyboard-response",1271,4166902,"0.0-12.18-0.18","bc9hr80gw4q3fzx",713,"52.csv","","268.59999999403954","resources/trios/T2L2A3.jpg","38","vis 2 reversal",0.7,0.5,0.3,0.830018483813032,"false"
"image-keyboard-response",1272,4167307,"0.0-12.18-1.18","bc9hr80gw4q3fzx",713,"52.csv","","null","resources/maskTrios/BL2B.jpg","null","",NA,NA,NA,NA,""
"image-keyboard-response",1273,4168509,"0.0-12.18-2.18","bc9hr80gw4q3fzx",713,"52.csv","","null","resources/images/fishbone.png","null","",NA,NA,NA,NA,""
"image-keyboard-response",1274,4168595,"0.0-12.19-0.19","bc9hr80gw4q3fzx",713,"52.csv","","83.69999998807907","resources/trios/T2L2A3.jpg","38","vis 2 reversal",0.7,0.5,0.3,0.584234742805152,"false"
"image-keyboard-response",1275,4168997,"0.0-12.19-1.19","bc9hr80gw4q3fzx",713,"52.csv","","null","resources/maskTrios/BL2B.jpg","null","",NA,NA,NA,NA,""
"image-keyboard-response",1276,4170199,"0.0-12.19-2.19","bc9hr80gw4q3fzx",713,"52.csv","","null","resources/images/fishbone.png","null","",NA,NA,NA,NA,""
"image-keyboard-response",1277,4170274,"0.0-12.20-0.20","bc9hr80gw4q3fzx",713,"52.csv","","72.79999999701977","resources/trios/A3T2L2.jpg","37","vis 2 reversal",0.5,0.3,0.7,0.985386207533002,"false"
"image-keyboard-response",1278,4170677,"0.0-12.20-1.20","bc9hr80gw4q3fzx",713,"52.csv","","null","resources/maskTrios/A3BB.jpg","null","",NA,NA,NA,NA,""
"image-keyboard-response",1279,4171880,"0.0-12.20-2.20","bc9hr80gw4q3fzx",713,"52.csv","","null","resources/images/fishbone.png","null","",NA,NA,NA,NA,""
"image-keyboard-response",1280,4172193,"0.0-12.21-0.21","bc9hr80gw4q3fzx",713,"52.csv","","311.09999999403954","resources/trios/L2A3T2.jpg","38","vis 2 reversal",0.3,0.7,0.5,0.167014239083104,"true"
"image-keyboard-response",1281,4172595,"0.0-12.21-1.21","bc9hr80gw4q3fzx",713,"52.csv","","null","resources/maskTrios/BA3B.jpg","null","",NA,NA,NA,NA,""
"image-keyboard-response",1282,4173802,"0.0-12.21-2.21","bc9hr80gw4q3fzx",713,"52.csv","","null","resources/images/coin2.png","null","",NA,NA,NA,NA,""
"image-keyboard-response",1283,4174148,"0.0-12.22-0.22","bc9hr80gw4q3fzx",713,"52.csv","","343.69999998807907","resources/trios/A3T2L2.jpg","38","vis 2 reversal",0.5,0.3,0.7,0.0188634118666733,"true"
"image-keyboard-response",1284,4174555,"0.0-12.22-1.22","bc9hr80gw4q3fzx",713,"52.csv","","null","resources/maskTrios/BT2B.jpg","null","",NA,NA,NA,NA,""
"image-keyboard-response",1285,4175759,"0.0-12.22-2.22","bc9hr80gw4q3fzx",713,"52.csv","","null","resources/images/coin2.png","null","",NA,NA,NA,NA,""
"image-keyboard-response",1286,4175870,"0.0-12.23-0.23","bc9hr80gw4q3fzx",713,"52.csv","","108.70000000298023","resources/trios/A3L2T2.jpg","38","vis 2 reversal",0.3,0.5,0.7,0.632315444995118,"false"
"image-keyboard-response",1287,4176276,"0.0-12.23-1.23","bc9hr80gw4q3fzx",713,"52.csv","","null","resources/maskTrios/BL2B.jpg","null","",NA,NA,NA,NA,""
"image-keyboard-response",1288,4177482,"0.0-12.23-2.23","bc9hr80gw4q3fzx",713,"52.csv","","null","resources/images/fishbone.png","null","",NA,NA,NA,NA,""
"image-keyboard-response",1289,4177730,"0.0-12.24-0.24","bc9hr80gw4q3fzx",713,"52.csv","","245.5","resources/trios/L2A3T2.jpg","38","vis 2 reversal",0.3,0.7,0.5,0.447879185366102,"true"
"image-keyboard-response",1290,4178134,"0.0-12.24-1.24","bc9hr80gw4q3fzx",713,"52.csv","","null","resources/maskTrios/BA3B.jpg","null","",NA,NA,NA,NA,""
"image-keyboard-response",1291,4179337,"0.0-12.24-2.24","bc9hr80gw4q3fzx",713,"52.csv","","null","resources/images/coin2.png","null","",NA,NA,NA,NA,""
"image-keyboard-response",1292,4179612,"0.0-12.25-0.25","bc9hr80gw4q3fzx",713,"52.csv","","273.5","resources/trios/A3L2T2.jpg","38","vis 2 reversal",0.3,0.5,0.7,0.338571024510352,"true"
"image-keyboard-response",1293,4180017,"0.0-12.25-1.25","bc9hr80gw4q3fzx",713,"52.csv","","null","resources/maskTrios/BL2B.jpg","null","",NA,NA,NA,NA,""
"image-keyboard-response",1294,4181221,"0.0-12.25-2.25","bc9hr80gw4q3fzx",713,"52.csv","","null","resources/images/coin2.png","null","",NA,NA,NA,NA,""
"image-keyboard-response",1295,4181445,"0.0-12.26-0.26","bc9hr80gw4q3fzx",713,"52.csv","","221.6000000089407","resources/trios/L2A3T2.jpg","38","vis 2 reversal",0.3,0.7,0.5,0.264306685425777,"true"
"image-keyboard-response",1296,4181849,"0.0-12.26-1.26","bc9hr80gw4q3fzx",713,"52.csv","","null","resources/maskTrios/BA3B.jpg","null","",NA,NA,NA,NA,""
"image-keyboard-response",1297,4183055,"0.0-12.26-2.26","bc9hr80gw4q3fzx",713,"52.csv","","null","resources/images/coin2.png","null","",NA,NA,NA,NA,""
"image-keyboard-response",1298,4183151,"0.0-12.27-0.27","bc9hr80gw4q3fzx",713,"52.csv","","93.5","resources/trios/L2T2A3.jpg","38","vis 2 reversal",0.7,0.3,0.5,0.0926201763143752,"true"
"image-keyboard-response",1299,4183553,"0.0-12.27-1.27","bc9hr80gw4q3fzx",713,"52.csv","","null","resources/maskTrios/BT2B.jpg","null","",NA,NA,NA,NA,""
"image-keyboard-response",1300,4184759,"0.0-12.27-2.27","bc9hr80gw4q3fzx",713,"52.csv","","null","resources/images/coin2.png","null","",NA,NA,NA,NA,""
"image-keyboard-response",1301,4184965,"0.0-12.28-0.28","bc9hr80gw4q3fzx",713,"52.csv","","203.79999999701977","resources/trios/L2T2A3.jpg","38","vis 2 reversal",0.7,0.3,0.5,0.376683883183344,"false"
"image-keyboard-response",1302,4185370,"0.0-12.28-1.28","bc9hr80gw4q3fzx",713,"52.csv","","null","resources/maskTrios/BT2B.jpg","null","",NA,NA,NA,NA,""
"image-keyboard-response",1303,4186575,"0.0-12.28-2.28","bc9hr80gw4q3fzx",713,"52.csv","","null","resources/images/fishbone.png","null","",NA,NA,NA,NA,""
"image-keyboard-response",1304,4187193,"0.0-12.29-0.29","bc9hr80gw4q3fzx",713,"52.csv","","616.3999999910593","resources/trios/T2L2A3.jpg","38","vis 2 reversal",0.7,0.5,0.3,0.757469868873877,"false"
"image-keyboard-response",1305,4187596,"0.0-12.29-1.29","bc9hr80gw4q3fzx",713,"52.csv","","null","resources/maskTrios/BL2B.jpg","null","",NA,NA,NA,NA,""
"image-keyboard-response",1306,4188801,"0.0-12.29-2.29","bc9hr80gw4q3fzx",713,"52.csv","","null","resources/images/fishbone.png","null","",NA,NA,NA,NA,""
"image-keyboard-response",1307,4188831,"0.0-12.30-0.30","bc9hr80gw4q3fzx",713,"52.csv","","27.5","resources/trios/A3L2T2.jpg","38","vis 2 reversal",0.3,0.5,0.7,0.0519068377233745,"true"
"image-keyboard-response",1308,4189236,"0.0-12.30-1.30","bc9hr80gw4q3fzx",713,"52.csv","","null","resources/maskTrios/BL2B.jpg","null","",NA,NA,NA,NA,""
"image-keyboard-response",1309,4190442,"0.0-12.30-2.30","bc9hr80gw4q3fzx",713,"52.csv","","null","resources/images/coin2.png","null","",NA,NA,NA,NA,""
"image-keyboard-response",1310,4190683,"0.0-12.31-0.31","bc9hr80gw4q3fzx",713,"52.csv","","238.5","resources/trios/A3L2T2.jpg","38","vis 2 reversal",0.3,0.5,0.7,0.650690915371086,"false"
"image-keyboard-response",1311,4191085,"0.0-12.31-1.31","bc9hr80gw4q3fzx",713,"52.csv","","null","resources/maskTrios/BL2B.jpg","null","",NA,NA,NA,NA,""
"image-keyboard-response",1312,4192288,"0.0-12.31-2.31","bc9hr80gw4q3fzx",713,"52.csv","","null","resources/images/fishbone.png","null","",NA,NA,NA,NA,""
"image-keyboard-response",1313,4192476,"0.0-12.32-0.32","bc9hr80gw4q3fzx",713,"52.csv","","186","resources/trios/A3T2L2.jpg","38","vis 2 reversal",0.5,0.3,0.7,0.107773231251084,"true"
"image-keyboard-response",1314,4192879,"0.0-12.32-1.32","bc9hr80gw4q3fzx",713,"52.csv","","null","resources/maskTrios/BT2B.jpg","null","",NA,NA,NA,NA,""
"image-keyboard-response",1315,4194087,"0.0-12.32-2.32","bc9hr80gw4q3fzx",713,"52.csv","","null","resources/images/coin2.png","null","",NA,NA,NA,NA,""
"image-keyboard-response",1316,4194339,"0.0-12.33-0.33","bc9hr80gw4q3fzx",713,"52.csv","","250","resources/trios/L2A3T2.jpg","38","vis 2 reversal",0.3,0.7,0.5,0.954967000472339,"false"
"image-keyboard-response",1317,4194742,"0.0-12.33-1.33","bc9hr80gw4q3fzx",713,"52.csv","","null","resources/maskTrios/BA3B.jpg","null","",NA,NA,NA,NA,""
"image-keyboard-response",1318,4195945,"0.0-12.33-2.33","bc9hr80gw4q3fzx",713,"52.csv","","null","resources/images/fishbone.png","null","",NA,NA,NA,NA,""
"image-keyboard-response",1319,4196093,"0.0-12.34-0.34","bc9hr80gw4q3fzx",713,"52.csv","","146.8999999910593","resources/trios/L2T2A3.jpg","38","vis 2 reversal",0.7,0.3,0.5,0.523067764460815,"false"
"image-keyboard-response",1320,4196496,"0.0-12.34-1.34","bc9hr80gw4q3fzx",713,"52.csv","","null","resources/maskTrios/BT2B.jpg","null","",NA,NA,NA,NA,""
"image-keyboard-response",1321,4197702,"0.0-12.34-2.34","bc9hr80gw4q3fzx",713,"52.csv","","null","resources/images/fishbone.png","null","",NA,NA,NA,NA,""
"image-keyboard-response",1322,4197830,"0.0-12.35-0.35","bc9hr80gw4q3fzx",713,"52.csv","","124.69999998807907","resources/trios/A3L2T2.jpg","38","vis 2 reversal",0.3,0.5,0.7,0.372493394681874,"true"
"image-keyboard-response",1323,4198232,"0.0-12.35-1.35","bc9hr80gw4q3fzx",713,"52.csv","","null","resources/maskTrios/BL2B.jpg","null","",NA,NA,NA,NA,""
"image-keyboard-response",1324,4199436,"0.0-12.35-2.35","bc9hr80gw4q3fzx",713,"52.csv","","null","resources/images/coin2.png","null","",NA,NA,NA,NA,""
"image-keyboard-response",1325,4199662,"0.0-12.36-0.36","bc9hr80gw4q3fzx",713,"52.csv","","222.8999999910593","resources/trios/A3L2T2.jpg","38","vis 2 reversal",0.3,0.5,0.7,0.10158578304529,"true"
"image-keyboard-response",1326,4200069,"0.0-12.36-1.36","bc9hr80gw4q3fzx",713,"52.csv","","null","resources/maskTrios/BL2B.jpg","null","",NA,NA,NA,NA,""
"image-keyboard-response",1327,4201276,"0.0-12.36-2.36","bc9hr80gw4q3fzx",713,"52.csv","","null","resources/images/coin2.png","null","",NA,NA,NA,NA,""
"image-keyboard-response",1328,4201400,"0.0-12.37-0.37","bc9hr80gw4q3fzx",713,"52.csv","","121","resources/trios/T2L2A3.jpg","38","vis 2 reversal",0.7,0.5,0.3,0.132562311245227,"true"
"image-keyboard-response",1329,4201804,"0.0-12.37-1.37","bc9hr80gw4q3fzx",713,"52.csv","","null","resources/maskTrios/BL2B.jpg","null","",NA,NA,NA,NA,""
"image-keyboard-response",1330,4203009,"0.0-12.37-2.37","bc9hr80gw4q3fzx",713,"52.csv","","null","resources/images/coin2.png","null","",NA,NA,NA,NA,""
"image-keyboard-response",1331,4203236,"0.0-12.38-0.38","bc9hr80gw4q3fzx",713,"52.csv","","224.79999999701977","resources/trios/A3L2T2.jpg","38","vis 2 reversal",0.3,0.5,0.7,0.31900784191261,"true"
"image-keyboard-response",1332,4203640,"0.0-12.38-1.38","bc9hr80gw4q3fzx",713,"52.csv","","null","resources/maskTrios/BL2B.jpg","null","",NA,NA,NA,NA,""
"image-keyboard-response",1333,4204845,"0.0-12.38-2.38","bc9hr80gw4q3fzx",713,"52.csv","","null","resources/images/coin2.png","null","",NA,NA,NA,NA,""
"image-keyboard-response",1334,4205077,"0.0-12.39-0.39","bc9hr80gw4q3fzx",713,"52.csv","","229.8999999910593","resources/trios/L2A3T2.jpg","38","vis 2 reversal",0.3,0.7,0.5,0.73419769799002,"false"
"image-keyboard-response",1335,4205482,"0.0-12.39-1.39","bc9hr80gw4q3fzx",713,"52.csv","","null","resources/maskTrios/BA3B.jpg","null","",NA,NA,NA,NA,""
"image-keyboard-response",1336,4206686,"0.0-12.39-2.39","bc9hr80gw4q3fzx",713,"52.csv","","null","resources/images/fishbone.png","null","",NA,NA,NA,NA,""
"image-keyboard-response",1337,4206958,"0.0-12.40-0.40","bc9hr80gw4q3fzx",713,"52.csv","","269.29999999701977","resources/trios/T2A3L2.jpg","38","vis 2 reversal",0.5,0.7,0.3,0.950918774736835,"false"
"image-keyboard-response",1338,4207364,"0.0-12.40-1.40","bc9hr80gw4q3fzx",713,"52.csv","","null","resources/maskTrios/BA3B.jpg","null","",NA,NA,NA,NA,""
"image-keyboard-response",1339,4208569,"0.0-12.40-2.40","bc9hr80gw4q3fzx",713,"52.csv","","null","resources/images/fishbone.png","null","",NA,NA,NA,NA,""
"image-keyboard-response",1340,4208631,"0.0-12.41-0.41","bc9hr80gw4q3fzx",713,"52.csv","","59.20000000298023","resources/trios/T2A3L2.jpg","38","vis 2 reversal",0.5,0.7,0.3,0.328367471880427,"true"
"image-keyboard-response",1341,4209033,"0.0-12.41-1.41","bc9hr80gw4q3fzx",713,"52.csv","","null","resources/maskTrios/BA3B.jpg","null","",NA,NA,NA,NA,""
"image-keyboard-response",1342,4210239,"0.0-12.41-2.41","bc9hr80gw4q3fzx",713,"52.csv","","null","resources/images/coin2.png","null","",NA,NA,NA,NA,""
"image-keyboard-response",1343,4210384,"0.0-12.42-0.42","bc9hr80gw4q3fzx",713,"52.csv","","143.1000000089407","resources/trios/L2T2A3.jpg","38","vis 2 reversal",0.7,0.3,0.5,0.645605074749839,"false"
"image-keyboard-response",1344,4210789,"0.0-12.42-1.42","bc9hr80gw4q3fzx",713,"52.csv","","null","resources/maskTrios/BT2B.jpg","null","",NA,NA,NA,NA,""
"image-keyboard-response",1345,4211992,"0.0-12.42-2.42","bc9hr80gw4q3fzx",713,"52.csv","","null","resources/images/fishbone.png","null","",NA,NA,NA,NA,""
"image-keyboard-response",1346,4211996,"0.0-12.43-0.43","bc9hr80gw4q3fzx",713,"52.csv","","2.2999999970197678","resources/trios/A3T2L2.jpg","38","vis 2 reversal",0.5,0.3,0.7,0.48176217321327,"false"
"image-keyboard-response",1347,4212402,"0.0-12.43-1.43","bc9hr80gw4q3fzx",713,"52.csv","","null","resources/maskTrios/BT2B.jpg","null","",NA,NA,NA,NA,""
"image-keyboard-response",1348,4213609,"0.0-12.43-2.43","bc9hr80gw4q3fzx",713,"52.csv","","null","resources/images/fishbone.png","null","",NA,NA,NA,NA,""
"image-keyboard-response",1349,4213840,"0.0-12.44-0.44","bc9hr80gw4q3fzx",713,"52.csv","","228.6000000089407","resources/trios/A3T2L2.jpg","38","vis 2 reversal",0.5,0.3,0.7,0.631682781161684,"false"
"image-keyboard-response",1350,4214245,"0.0-12.44-1.44","bc9hr80gw4q3fzx",713,"52.csv","","null","resources/maskTrios/BT2B.jpg","null","",NA,NA,NA,NA,""
"image-keyboard-response",1351,4215450,"0.0-12.44-2.44","bc9hr80gw4q3fzx",713,"52.csv","","null","resources/images/fishbone.png","null","",NA,NA,NA,NA,""
"image-keyboard-response",1352,4215603,"0.0-12.45-0.45","bc9hr80gw4q3fzx",713,"52.csv","","150.20000000298023","resources/trios/L2T2A3.jpg","38","vis 2 reversal",0.7,0.3,0.5,0.222947551559385,"true"
"image-keyboard-response",1353,4216007,"0.0-12.45-1.45","bc9hr80gw4q3fzx",713,"52.csv","","null","resources/maskTrios/BT2B.jpg","null","",NA,NA,NA,NA,""
"image-keyboard-response",1354,4217210,"0.0-12.45-2.45","bc9hr80gw4q3fzx",713,"52.csv","","null","resources/images/coin2.png","null","",NA,NA,NA,NA,""
"image-keyboard-response",1355,4217318,"0.0-12.46-0.46","bc9hr80gw4q3fzx",713,"52.csv","","106","resources/trios/T2A3L2.jpg","38","vis 2 reversal",0.5,0.7,0.3,0.419338437020971,"true"
"image-keyboard-response",1356,4217720,"0.0-12.46-1.46","bc9hr80gw4q3fzx",713,"52.csv","","null","resources/maskTrios/BA3B.jpg","null","",NA,NA,NA,NA,""
"image-keyboard-response",1357,4218924,"0.0-12.46-2.46","bc9hr80gw4q3fzx",713,"52.csv","","null","resources/images/coin2.png","null","",NA,NA,NA,NA,""
"image-keyboard-response",1358,4219112,"0.0-12.47-0.47","bc9hr80gw4q3fzx",713,"52.csv","","185.79999999701977","resources/trios/A3T2L2.jpg","38","vis 2 reversal",0.5,0.3,0.7,0.106638254934604,"true"
"image-keyboard-response",1359,4219514,"0.0-12.47-1.47","bc9hr80gw4q3fzx",713,"52.csv","","null","resources/maskTrios/BT2B.jpg","null","",NA,NA,NA,NA,""
"image-keyboard-response",1360,4220716,"0.0-12.47-2.47","bc9hr80gw4q3fzx",713,"52.csv","","null","resources/images/coin2.png","null","",NA,NA,NA,NA,""
"image-keyboard-response",1361,4220817,"0.0-12.48-0.48","bc9hr80gw4q3fzx",713,"52.csv","","98.70000000298023","resources/trios/A3T2L2.jpg","38","vis 2 reversal",0.5,0.3,0.7,0.879387871275422,"false"
"image-keyboard-response",1362,4221221,"0.0-12.48-1.48","bc9hr80gw4q3fzx",713,"52.csv","","null","resources/maskTrios/BT2B.jpg","null","",NA,NA,NA,NA,""
"image-keyboard-response",1363,4222423,"0.0-12.48-2.48","bc9hr80gw4q3fzx",713,"52.csv","","null","resources/images/fishbone.png","null","",NA,NA,NA,NA,""
"image-keyboard-response",1364,4222709,"0.0-12.49-0.49","bc9hr80gw4q3fzx",713,"52.csv","","283.40000000596046","resources/trios/A3L2T2.jpg","38","vis 2 reversal",0.3,0.5,0.7,0.512230353624072,"false"
"image-keyboard-response",1365,4223111,"0.0-12.49-1.49","bc9hr80gw4q3fzx",713,"52.csv","","null","resources/maskTrios/BL2B.jpg","null","",NA,NA,NA,NA,""
"image-keyboard-response",1366,4224314,"0.0-12.49-2.49","bc9hr80gw4q3fzx",713,"52.csv","","null","resources/images/fishbone.png","null","",NA,NA,NA,NA,""
"survey-text",1367,4231675,"0.0-13.0","bc9hr80gw4q3fzx",713,"52.csv","","7357.29999999702","","","",NA,NA,NA,NA,""
"image-keyboard-response",1368,4238416,"0.0-14.0","bc9hr80gw4q3fzx",713,"52.csv","","6739.4000000059605","resources/images/pirate break.gif","13","",NA,NA,NA,NA,""
"image-keyboard-response",1369,4240401,"0.0-15.0-0.0","bc9hr80gw4q3fzx",713,"52.csv","","1982.2999999970198","resources/trios/T3A4L3.jpg","38","spatial",0.5,0.3,0.7,0.741138769084803,"false"
"image-keyboard-response",1370,4240803,"0.0-15.0-1.0","bc9hr80gw4q3fzx",713,"52.csv","","null","resources/maskTrios/BA4B.jpg","null","",NA,NA,NA,NA,""
"image-keyboard-response",1371,4242008,"0.0-15.0-2.0","bc9hr80gw4q3fzx",713,"52.csv","","null","resources/images/fishbone.png","null","",NA,NA,NA,NA,""
"image-keyboard-response",1372,4242143,"0.0-15.1-0.1","bc9hr80gw4q3fzx",713,"52.csv","","132.70000000298023","resources/trios/T3A4L3.jpg","38","spatial",0.5,0.3,0.7,0.0523126284406024,"true"
"image-keyboard-response",1373,4242548,"0.0-15.1-1.1","bc9hr80gw4q3fzx",713,"52.csv","","null","resources/maskTrios/BA4B.jpg","null","",NA,NA,NA,NA,""
"image-keyboard-response",1374,4243752,"0.0-15.1-2.1","bc9hr80gw4q3fzx",713,"52.csv","","null","resources/images/coin2.png","null","",NA,NA,NA,NA,""
"image-keyboard-response",1375,4243845,"0.0-15.2-0.2","bc9hr80gw4q3fzx",713,"52.csv","","90.90000000596046","resources/trios/T3L3A4.jpg","38","spatial",0.5,0.3,0.7,0.8532859943342,"false"
"image-keyboard-response",1376,4244250,"0.0-15.2-1.2","bc9hr80gw4q3fzx",713,"52.csv","","null","resources/maskTrios/BL3B.jpg","null","",NA,NA,NA,NA,""
"image-keyboard-response",1377,4245455,"0.0-15.2-2.2","bc9hr80gw4q3fzx",713,"52.csv","","null","resources/images/fishbone.png","null","",NA,NA,NA,NA,""
"image-keyboard-response",1378,4245594,"0.0-15.3-0.3","bc9hr80gw4q3fzx",713,"52.csv","","137.29999999701977","resources/trios/L3T3A4.jpg","38","spatial",0.5,0.3,0.7,0.0427155239275716,"true"
"image-keyboard-response",1379,4246000,"0.0-15.3-1.3","bc9hr80gw4q3fzx",713,"52.csv","","null","resources/maskTrios/BT3B.jpg","null","",NA,NA,NA,NA,""
"image-keyboard-response",1380,4247206,"0.0-15.3-2.3","bc9hr80gw4q3fzx",713,"52.csv","","null","resources/images/coin2.png","null","",NA,NA,NA,NA,""
"image-keyboard-response",1381,4247250,"0.0-15.4-0.4","bc9hr80gw4q3fzx",713,"52.csv","","42.400000005960464","resources/trios/L3T3A4.jpg","38","spatial",0.5,0.3,0.7,0.0434769500508843,"true"
"image-keyboard-response",1382,4247655,"0.0-15.4-1.4","bc9hr80gw4q3fzx",713,"52.csv","","null","resources/maskTrios/BT3B.jpg","null","",NA,NA,NA,NA,""
"image-keyboard-response",1383,4248859,"0.0-15.4-2.4","bc9hr80gw4q3fzx",713,"52.csv","","null","resources/images/coin2.png","null","",NA,NA,NA,NA,""
"image-keyboard-response",1384,4248951,"0.0-15.5-0.5","bc9hr80gw4q3fzx",713,"52.csv","","90.3999999910593","resources/trios/L3A4T3.jpg","38","spatial",0.5,0.3,0.7,0.475673355013013,"false"
"image-keyboard-response",1385,4249356,"0.0-15.5-1.5","bc9hr80gw4q3fzx",713,"52.csv","","null","resources/maskTrios/BA4B.jpg","null","",NA,NA,NA,NA,""
"image-keyboard-response",1386,4250558,"0.0-15.5-2.5","bc9hr80gw4q3fzx",713,"52.csv","","null","resources/images/fishbone.png","null","",NA,NA,NA,NA,""
"image-keyboard-response",1387,4250600,"0.0-15.6-0.6","bc9hr80gw4q3fzx",713,"52.csv","","40","resources/trios/A4T3L3.jpg","38","spatial",0.5,0.3,0.7,0.45075988140565,"false"
"image-keyboard-response",1388,4251007,"0.0-15.6-1.6","bc9hr80gw4q3fzx",713,"52.csv","","null","resources/maskTrios/BT3B.jpg","null","",NA,NA,NA,NA,""
"image-keyboard-response",1389,4252211,"0.0-15.6-2.6","bc9hr80gw4q3fzx",713,"52.csv","","null","resources/images/fishbone.png","null","",NA,NA,NA,NA,""
"image-keyboard-response",1390,4252372,"0.0-15.7-0.7","bc9hr80gw4q3fzx",713,"52.csv","","158.20000000298023","resources/trios/A4L3T3.jpg","38","spatial",0.5,0.3,0.7,0.0381447891246127,"true"
"image-keyboard-response",1391,4252775,"0.0-15.7-1.7","bc9hr80gw4q3fzx",713,"52.csv","","null","resources/maskTrios/BL3B.jpg","null","",NA,NA,NA,NA,""
"image-keyboard-response",1392,4253982,"0.0-15.7-2.7","bc9hr80gw4q3fzx",713,"52.csv","","null","resources/images/coin2.png","null","",NA,NA,NA,NA,""
"image-keyboard-response",1393,4254127,"0.0-15.8-0.8","bc9hr80gw4q3fzx",713,"52.csv","","143","resources/trios/A4T3L3.jpg","38","spatial",0.5,0.3,0.7,0.421300956293285,"false"
"image-keyboard-response",1394,4254531,"0.0-15.8-1.8","bc9hr80gw4q3fzx",713,"52.csv","","null","resources/maskTrios/BT3B.jpg","null","",NA,NA,NA,NA,""
"image-keyboard-response",1395,4255734,"0.0-15.8-2.8","bc9hr80gw4q3fzx",713,"52.csv","","null","resources/images/fishbone.png","null","",NA,NA,NA,NA,""
"image-keyboard-response",1396,4255743,"0.0-15.9-0.9","bc9hr80gw4q3fzx",713,"52.csv","","4.700000002980232","resources/trios/A4T3L3.jpg","39","spatial",0.5,0.3,0.7,0.5971207721902,"true"
"image-keyboard-response",1397,4256149,"0.0-15.9-1.9","bc9hr80gw4q3fzx",713,"52.csv","","null","resources/maskTrios/BBL3.jpg","null","",NA,NA,NA,NA,""
"image-keyboard-response",1398,4257352,"0.0-15.9-2.9","bc9hr80gw4q3fzx",713,"52.csv","","null","resources/images/coin2.png","null","",NA,NA,NA,NA,""
"image-keyboard-response",1399,4257627,"0.0-15.10-0.10","bc9hr80gw4q3fzx",713,"52.csv","","272.29999999701977","resources/trios/L3A4T3.jpg","37","spatial",0.5,0.3,0.7,0.114288420333548,"true"
"image-keyboard-response",1400,4258033,"0.0-15.10-1.10","bc9hr80gw4q3fzx",713,"52.csv","","null","resources/maskTrios/L3BB.jpg","null","",NA,NA,NA,NA,""
"image-keyboard-response",1401,4259239,"0.0-15.10-2.10","bc9hr80gw4q3fzx",713,"52.csv","","null","resources/images/coin2.png","null","",NA,NA,NA,NA,""
"image-keyboard-response",1402,4259424,"0.0-15.11-0.11","bc9hr80gw4q3fzx",713,"52.csv","","184.29999999701977","resources/trios/L3T3A4.jpg","38","spatial",0.5,0.3,0.7,0.392091199911816,"false"
"image-keyboard-response",1403,4259830,"0.0-15.11-1.11","bc9hr80gw4q3fzx",713,"52.csv","","null","resources/maskTrios/BT3B.jpg","null","",NA,NA,NA,NA,""
"image-keyboard-response",1404,4261034,"0.0-15.11-2.11","bc9hr80gw4q3fzx",713,"52.csv","","null","resources/images/fishbone.png","null","",NA,NA,NA,NA,""
"image-keyboard-response",1405,4261206,"0.0-15.12-0.12","bc9hr80gw4q3fzx",713,"52.csv","","169.20000000298023","resources/trios/L3A4T3.jpg","38","spatial",0.5,0.3,0.7,0.225168990302834,"true"
"image-keyboard-response",1406,4261611,"0.0-15.12-1.12","bc9hr80gw4q3fzx",713,"52.csv","","null","resources/maskTrios/BA4B.jpg","null","",NA,NA,NA,NA,""
"image-keyboard-response",1407,4262815,"0.0-15.12-2.12","bc9hr80gw4q3fzx",713,"52.csv","","null","resources/images/coin2.png","null","",NA,NA,NA,NA,""
"image-keyboard-response",1408,4262982,"0.0-15.13-0.13","bc9hr80gw4q3fzx",713,"52.csv","","164.29999999701977","resources/trios/T3L3A4.jpg","38","spatial",0.5,0.3,0.7,0.494505067003456,"false"
"image-keyboard-response",1409,4263385,"0.0-15.13-1.13","bc9hr80gw4q3fzx",713,"52.csv","","null","resources/maskTrios/BL3B.jpg","null","",NA,NA,NA,NA,""
"image-keyboard-response",1410,4264587,"0.0-15.13-2.13","bc9hr80gw4q3fzx",713,"52.csv","","null","resources/images/fishbone.png","null","",NA,NA,NA,NA,""
"image-keyboard-response",1411,4264630,"0.0-15.14-0.14","bc9hr80gw4q3fzx",713,"52.csv","","40.8999999910593","resources/trios/L3A4T3.jpg","38","spatial",0.5,0.3,0.7,0.00332894722250754,"true"
"image-keyboard-response",1412,4265035,"0.0-15.14-1.14","bc9hr80gw4q3fzx",713,"52.csv","","null","resources/maskTrios/BA4B.jpg","null","",NA,NA,NA,NA,""
"image-keyboard-response",1413,4266241,"0.0-15.14-2.14","bc9hr80gw4q3fzx",713,"52.csv","","null","resources/images/coin2.png","null","",NA,NA,NA,NA,""
"image-keyboard-response",1414,4266426,"0.0-15.15-0.15","bc9hr80gw4q3fzx",713,"52.csv","","182.5","resources/trios/L3A4T3.jpg","38","spatial",0.5,0.3,0.7,0.715597097437585,"false"
"image-keyboard-response",1415,4266830,"0.0-15.15-1.15","bc9hr80gw4q3fzx",713,"52.csv","","null","resources/maskTrios/BA4B.jpg","null","",NA,NA,NA,NA,""
"image-keyboard-response",1416,4268039,"0.0-15.15-2.15","bc9hr80gw4q3fzx",713,"52.csv","","null","resources/images/fishbone.png","null","",NA,NA,NA,NA,""
"image-keyboard-response",1417,4268078,"0.0-15.16-0.16","bc9hr80gw4q3fzx",713,"52.csv","","36.900000005960464","resources/trios/T3A4L3.jpg","38","spatial",0.5,0.3,0.7,0.759136792093856,"false"
"image-keyboard-response",1418,4268484,"0.0-15.16-1.16","bc9hr80gw4q3fzx",713,"52.csv","","null","resources/maskTrios/BA4B.jpg","null","",NA,NA,NA,NA,""
"image-keyboard-response",1419,4269690,"0.0-15.16-2.16","bc9hr80gw4q3fzx",713,"52.csv","","null","resources/images/fishbone.png","null","",NA,NA,NA,NA,""
"image-keyboard-response",1420,4270162,"0.0-15.17-0.17","bc9hr80gw4q3fzx",713,"52.csv","","469.30000001192093","resources/trios/T3L3A4.jpg","37","spatial",0.5,0.3,0.7,0.284920558406413,"true"
"image-keyboard-response",1421,4270567,"0.0-15.17-1.17","bc9hr80gw4q3fzx",713,"52.csv","","null","resources/maskTrios/T3BB.jpg","null","",NA,NA,NA,NA,""
"image-keyboard-response",1422,4271770,"0.0-15.17-2.17","bc9hr80gw4q3fzx",713,"52.csv","","null","resources/images/coin2.png","null","",NA,NA,NA,NA,""
"image-keyboard-response",1423,4272264,"0.0-15.18-0.18","bc9hr80gw4q3fzx",713,"52.csv","","491.59999999403954","resources/trios/T3A4L3.jpg","38","spatial",0.5,0.3,0.7,0.744703977600164,"false"
"image-keyboard-response",1424,4272666,"0.0-15.18-1.18","bc9hr80gw4q3fzx",713,"52.csv","","null","resources/maskTrios/BA4B.jpg","null","",NA,NA,NA,NA,""
"image-keyboard-response",1425,4273872,"0.0-15.18-2.18","bc9hr80gw4q3fzx",713,"52.csv","","null","resources/images/fishbone.png","null","",NA,NA,NA,NA,""
"image-keyboard-response",1426,4274130,"0.0-15.19-0.19","bc9hr80gw4q3fzx",713,"52.csv","","255.29999999701977","resources/trios/A4T3L3.jpg","39","spatial",0.5,0.3,0.7,0.230452942917056,"true"
"image-keyboard-response",1427,4274534,"0.0-15.19-1.19","bc9hr80gw4q3fzx",713,"52.csv","","null","resources/maskTrios/BBL3.jpg","null","",NA,NA,NA,NA,""
"image-keyboard-response",1428,4275737,"0.0-15.19-2.19","bc9hr80gw4q3fzx",713,"52.csv","","null","resources/images/coin2.png","null","",NA,NA,NA,NA,""
"image-keyboard-response",1429,4275794,"0.0-15.20-0.20","bc9hr80gw4q3fzx",713,"52.csv","","54.599999994039536","resources/trios/A4L3T3.jpg","39","spatial",0.5,0.3,0.7,0.894322440320158,"false"
"image-keyboard-response",1430,4276198,"0.0-15.20-1.20","bc9hr80gw4q3fzx",713,"52.csv","","null","resources/maskTrios/BBT3.jpg","null","",NA,NA,NA,NA,""
"image-keyboard-response",1431,4277402,"0.0-15.20-2.20","bc9hr80gw4q3fzx",713,"52.csv","","null","resources/images/fishbone.png","null","",NA,NA,NA,NA,""
"image-keyboard-response",1432,4277504,"0.0-15.21-0.21","bc9hr80gw4q3fzx",713,"52.csv","","100.29999999701977","resources/trios/L3A4T3.jpg","38","spatial",0.5,0.3,0.7,0.695038132136017,"false"
"image-keyboard-response",1433,4277908,"0.0-15.21-1.21","bc9hr80gw4q3fzx",713,"52.csv","","null","resources/maskTrios/BA4B.jpg","null","",NA,NA,NA,NA,""
"image-keyboard-response",1434,4279111,"0.0-15.21-2.21","bc9hr80gw4q3fzx",713,"52.csv","","null","resources/images/fishbone.png","null","",NA,NA,NA,NA,""
"image-keyboard-response",1435,4279199,"0.0-15.22-0.22","bc9hr80gw4q3fzx",713,"52.csv","","84.79999999701977","resources/trios/T3A4L3.jpg","38","spatial",0.5,0.3,0.7,0.952469213781686,"false"
"image-keyboard-response",1436,4279604,"0.0-15.22-1.22","bc9hr80gw4q3fzx",713,"52.csv","","null","resources/maskTrios/BA4B.jpg","null","",NA,NA,NA,NA,""
"image-keyboard-response",1437,4280809,"0.0-15.22-2.22","bc9hr80gw4q3fzx",713,"52.csv","","null","resources/images/fishbone.png","null","",NA,NA,NA,NA,""
"image-keyboard-response",1438,4280862,"0.0-15.23-0.23","bc9hr80gw4q3fzx",713,"52.csv","","51","resources/trios/L3A4T3.jpg","37","spatial",0.5,0.3,0.7,0.114833216727004,"true"
"image-keyboard-response",1439,4281268,"0.0-15.23-1.23","bc9hr80gw4q3fzx",713,"52.csv","","null","resources/maskTrios/L3BB.jpg","null","",NA,NA,NA,NA,""
"image-keyboard-response",1440,4282472,"0.0-15.23-2.23","bc9hr80gw4q3fzx",713,"52.csv","","null","resources/images/coin2.png","null","",NA,NA,NA,NA,""
"image-keyboard-response",1441,4282655,"0.0-15.24-0.24","bc9hr80gw4q3fzx",713,"52.csv","","181.09999999403954","resources/trios/L3A4T3.jpg","37","spatial",0.5,0.3,0.7,0.652088709483889,"false"
"image-keyboard-response",1442,4283060,"0.0-15.24-1.24","bc9hr80gw4q3fzx",713,"52.csv","","null","resources/maskTrios/L3BB.jpg","null","",NA,NA,NA,NA,""
"image-keyboard-response",1443,4284266,"0.0-15.24-2.24","bc9hr80gw4q3fzx",713,"52.csv","","null","resources/images/fishbone.png","null","",NA,NA,NA,NA,""
"image-keyboard-response",1444,4284506,"0.0-15.25-0.25","bc9hr80gw4q3fzx",713,"52.csv","","237.79999999701977","resources/trios/T3A4L3.jpg","38","spatial",0.5,0.3,0.7,0.66918452276394,"false"
"image-keyboard-response",1445,4284908,"0.0-15.25-1.25","bc9hr80gw4q3fzx",713,"52.csv","","null","resources/maskTrios/BA4B.jpg","null","",NA,NA,NA,NA,""
"image-keyboard-response",1446,4286114,"0.0-15.25-2.25","bc9hr80gw4q3fzx",713,"52.csv","","null","resources/images/fishbone.png","null","",NA,NA,NA,NA,""
"image-keyboard-response",1447,4286194,"0.0-15.26-0.26","bc9hr80gw4q3fzx",713,"52.csv","","77","resources/trios/L3A4T3.jpg","38","spatial",0.5,0.3,0.7,0.335315546137084,"false"
"image-keyboard-response",1448,4286597,"0.0-15.26-1.26","bc9hr80gw4q3fzx",713,"52.csv","","null","resources/maskTrios/BA4B.jpg","null","",NA,NA,NA,NA,""
"image-keyboard-response",1449,4287800,"0.0-15.26-2.26","bc9hr80gw4q3fzx",713,"52.csv","","null","resources/images/fishbone.png","null","",NA,NA,NA,NA,""
"image-keyboard-response",1450,4287816,"0.0-15.27-0.27","bc9hr80gw4q3fzx",713,"52.csv","","13.700000002980232","resources/trios/L3T3A4.jpg","39","spatial",0.5,0.3,0.7,0.25596929101514,"true"
"image-keyboard-response",1451,4288222,"0.0-15.27-1.27","bc9hr80gw4q3fzx",713,"52.csv","","null","resources/maskTrios/BBA4.jpg","null","",NA,NA,NA,NA,""
"image-keyboard-response",1452,4289424,"0.0-15.27-2.27","bc9hr80gw4q3fzx",713,"52.csv","","null","resources/images/coin2.png","null","",NA,NA,NA,NA,""
"image-keyboard-response",1453,4289585,"0.0-15.28-0.28","bc9hr80gw4q3fzx",713,"52.csv","","157.40000000596046","resources/trios/A4L3T3.jpg","39","spatial",0.5,0.3,0.7,0.532239842142927,"true"
"image-keyboard-response",1454,4289988,"0.0-15.28-1.28","bc9hr80gw4q3fzx",713,"52.csv","","null","resources/maskTrios/BBT3.jpg","null","",NA,NA,NA,NA,""
"image-keyboard-response",1455,4291193,"0.0-15.28-2.28","bc9hr80gw4q3fzx",713,"52.csv","","null","resources/images/coin2.png","null","",NA,NA,NA,NA,""
"image-keyboard-response",1456,4291321,"0.0-15.29-0.29","bc9hr80gw4q3fzx",713,"52.csv","","125.40000000596046","resources/trios/L3T3A4.jpg","39","spatial",0.5,0.3,0.7,0.103822770098094,"true"
"image-keyboard-response",1457,4291726,"0.0-15.29-1.29","bc9hr80gw4q3fzx",713,"52.csv","","null","resources/maskTrios/BBA4.jpg","null","",NA,NA,NA,NA,""
"image-keyboard-response",1458,4292933,"0.0-15.29-2.29","bc9hr80gw4q3fzx",713,"52.csv","","null","resources/images/coin2.png","null","",NA,NA,NA,NA,""
"image-keyboard-response",1459,4293039,"0.0-15.30-0.30","bc9hr80gw4q3fzx",713,"52.csv","","103.8999999910593","resources/trios/L3T3A4.jpg","39","spatial",0.5,0.3,0.7,0.74560231083332,"false"
"image-keyboard-response",1460,4293445,"0.0-15.30-1.30","bc9hr80gw4q3fzx",713,"52.csv","","null","resources/maskTrios/BBA4.jpg","null","",NA,NA,NA,NA,""
"image-keyboard-response",1461,4294648,"0.0-15.30-2.30","bc9hr80gw4q3fzx",713,"52.csv","","null","resources/images/fishbone.png","null","",NA,NA,NA,NA,""
"image-keyboard-response",1462,4294776,"0.0-15.31-0.31","bc9hr80gw4q3fzx",713,"52.csv","","124.70000000298023","resources/trios/T3L3A4.jpg","38","spatial",0.5,0.3,0.7,0.486305667204346,"false"
"image-keyboard-response",1463,4295180,"0.0-15.31-1.31","bc9hr80gw4q3fzx",713,"52.csv","","null","resources/maskTrios/BL3B.jpg","null","",NA,NA,NA,NA,""
"image-keyboard-response",1464,4296385,"0.0-15.31-2.31","bc9hr80gw4q3fzx",713,"52.csv","","null","resources/images/fishbone.png","null","",NA,NA,NA,NA,""
"image-keyboard-response",1465,4296876,"0.0-15.32-0.32","bc9hr80gw4q3fzx",713,"52.csv","","487.90000000596046","resources/trios/A4L3T3.jpg","39","spatial",0.5,0.3,0.7,0.776974205112903,"false"
"image-keyboard-response",1466,4297282,"0.0-15.32-1.32","bc9hr80gw4q3fzx",713,"52.csv","","null","resources/maskTrios/BBT3.jpg","null","",NA,NA,NA,NA,""
"image-keyboard-response",1467,4298484,"0.0-15.32-2.32","bc9hr80gw4q3fzx",713,"52.csv","","null","resources/images/fishbone.png","null","",NA,NA,NA,NA,""
"image-keyboard-response",1468,4298660,"0.0-15.33-0.33","bc9hr80gw4q3fzx",713,"52.csv","","173.30000001192093","resources/trios/L3T3A4.jpg","39","spatial",0.5,0.3,0.7,0.491250469765604,"true"
"image-keyboard-response",1469,4299066,"0.0-15.33-1.33","bc9hr80gw4q3fzx",713,"52.csv","","null","resources/maskTrios/BBA4.jpg","null","",NA,NA,NA,NA,""
"image-keyboard-response",1470,4300272,"0.0-15.33-2.33","bc9hr80gw4q3fzx",713,"52.csv","","null","resources/images/coin2.png","null","",NA,NA,NA,NA,""
"image-keyboard-response",1471,4300310,"0.0-15.34-0.34","bc9hr80gw4q3fzx",713,"52.csv","","35.6000000089407","resources/trios/L3T3A4.jpg","39","spatial",0.5,0.3,0.7,0.534506659159541,"true"
"image-keyboard-response",1472,4300714,"0.0-15.34-1.34","bc9hr80gw4q3fzx",713,"52.csv","","null","resources/maskTrios/BBA4.jpg","null","",NA,NA,NA,NA,""
"image-keyboard-response",1473,4301920,"0.0-15.34-2.34","bc9hr80gw4q3fzx",713,"52.csv","","null","resources/images/coin2.png","null","",NA,NA,NA,NA,""
"image-keyboard-response",1474,4302152,"0.0-15.35-0.35","bc9hr80gw4q3fzx",713,"52.csv","","230","resources/trios/T3A4L3.jpg","39","spatial",0.5,0.3,0.7,0.0322144056902223,"true"
"image-keyboard-response",1475,4302555,"0.0-15.35-1.35","bc9hr80gw4q3fzx",713,"52.csv","","null","resources/maskTrios/BBL3.jpg","null","",NA,NA,NA,NA,""
"image-keyboard-response",1476,4303759,"0.0-15.35-2.35","bc9hr80gw4q3fzx",713,"52.csv","","null","resources/images/coin2.png","null","",NA,NA,NA,NA,""
"image-keyboard-response",1477,4303831,"0.0-15.36-0.36","bc9hr80gw4q3fzx",713,"52.csv","","69.79999999701977","resources/trios/A4L3T3.jpg","39","spatial",0.5,0.3,0.7,0.934494658629917,"false"
"image-keyboard-response",1478,4304235,"0.0-15.36-1.36","bc9hr80gw4q3fzx",713,"52.csv","","null","resources/maskTrios/BBT3.jpg","null","",NA,NA,NA,NA,""
"image-keyboard-response",1479,4305440,"0.0-15.36-2.36","bc9hr80gw4q3fzx",713,"52.csv","","null","resources/images/fishbone.png","null","",NA,NA,NA,NA,""
"image-keyboard-response",1480,4305674,"0.0-15.37-0.37","bc9hr80gw4q3fzx",713,"52.csv","","231.59999999403954","resources/trios/A4L3T3.jpg","39","spatial",0.5,0.3,0.7,0.432768367972106,"true"
"image-keyboard-response",1481,4306078,"0.0-15.37-1.37","bc9hr80gw4q3fzx",713,"52.csv","","null","resources/maskTrios/BBT3.jpg","null","",NA,NA,NA,NA,""
"image-keyboard-response",1482,4307285,"0.0-15.37-2.37","bc9hr80gw4q3fzx",713,"52.csv","","null","resources/images/coin2.png","null","",NA,NA,NA,NA,""
"image-keyboard-response",1483,4307329,"0.0-15.38-0.38","bc9hr80gw4q3fzx",713,"52.csv","","41.70000000298023","resources/trios/L3A4T3.jpg","39","spatial",0.5,0.3,0.7,0.301285756066124,"true"
"image-keyboard-response",1484,4307735,"0.0-15.38-1.38","bc9hr80gw4q3fzx",713,"52.csv","","null","resources/maskTrios/BBT3.jpg","null","",NA,NA,NA,NA,""
"image-keyboard-response",1485,4308939,"0.0-15.38-2.38","bc9hr80gw4q3fzx",713,"52.csv","","null","resources/images/coin2.png","null","",NA,NA,NA,NA,""
"image-keyboard-response",1486,4309022,"0.0-15.39-0.39","bc9hr80gw4q3fzx",713,"52.csv","","80.8999999910593","resources/trios/A4T3L3.jpg","39","spatial",0.5,0.3,0.7,0.860329686314595,"false"
"image-keyboard-response",1487,4309424,"0.0-15.39-1.39","bc9hr80gw4q3fzx",713,"52.csv","","null","resources/maskTrios/BBL3.jpg","null","",NA,NA,NA,NA,""
"image-keyboard-response",1488,4310628,"0.0-15.39-2.39","bc9hr80gw4q3fzx",713,"52.csv","","null","resources/images/fishbone.png","null","",NA,NA,NA,NA,""
"image-keyboard-response",1489,4310666,"0.0-15.40-0.40","bc9hr80gw4q3fzx",713,"52.csv","","36.79999999701977","resources/trios/L3A4T3.jpg","39","spatial",0.5,0.3,0.7,0.986160087261184,"false"
"image-keyboard-response",1490,4311072,"0.0-15.40-1.40","bc9hr80gw4q3fzx",713,"52.csv","","null","resources/maskTrios/BBT3.jpg","null","",NA,NA,NA,NA,""
"image-keyboard-response",1491,4312276,"0.0-15.40-2.40","bc9hr80gw4q3fzx",713,"52.csv","","null","resources/images/fishbone.png","null","",NA,NA,NA,NA,""
"image-keyboard-response",1492,4312310,"0.0-15.41-0.41","bc9hr80gw4q3fzx",713,"52.csv","","31.69999998807907","resources/trios/A4T3L3.jpg","39","spatial",0.5,0.3,0.7,0.118863492973863,"true"
"image-keyboard-response",1493,4312712,"0.0-15.41-1.41","bc9hr80gw4q3fzx",713,"52.csv","","null","resources/maskTrios/BBL3.jpg","null","",NA,NA,NA,NA,""
"image-keyboard-response",1494,4313917,"0.0-15.41-2.41","bc9hr80gw4q3fzx",713,"52.csv","","null","resources/images/coin2.png","null","",NA,NA,NA,NA,""
"image-keyboard-response",1495,4314117,"0.0-15.42-0.42","bc9hr80gw4q3fzx",713,"52.csv","","197.6000000089407","resources/trios/L3T3A4.jpg","39","spatial",0.5,0.3,0.7,0.26325586533629,"true"
"image-keyboard-response",1496,4314522,"0.0-15.42-1.42","bc9hr80gw4q3fzx",713,"52.csv","","null","resources/maskTrios/BBA4.jpg","null","",NA,NA,NA,NA,""
"image-keyboard-response",1497,4315729,"0.0-15.42-2.42","bc9hr80gw4q3fzx",713,"52.csv","","null","resources/images/coin2.png","null","",NA,NA,NA,NA,""
"image-keyboard-response",1498,4315893,"0.0-15.43-0.43","bc9hr80gw4q3fzx",713,"52.csv","","162","resources/trios/L3A4T3.jpg","39","spatial",0.5,0.3,0.7,0.265540620026346,"true"
"image-keyboard-response",1499,4316299,"0.0-15.43-1.43","bc9hr80gw4q3fzx",713,"52.csv","","null","resources/maskTrios/BBT3.jpg","null","",NA,NA,NA,NA,""
"image-keyboard-response",1500,4317504,"0.0-15.43-2.43","bc9hr80gw4q3fzx",713,"52.csv","","null","resources/images/coin2.png","null","",NA,NA,NA,NA,""
"image-keyboard-response",1501,4317527,"0.0-15.44-0.44","bc9hr80gw4q3fzx",713,"52.csv","","21.399999991059303","resources/trios/L3A4T3.jpg","39","spatial",0.5,0.3,0.7,0.798853839988955,"false"
"image-keyboard-response",1502,4317930,"0.0-15.44-1.44","bc9hr80gw4q3fzx",713,"52.csv","","null","resources/maskTrios/BBT3.jpg","null","",NA,NA,NA,NA,""
"image-keyboard-response",1503,4319136,"0.0-15.44-2.44","bc9hr80gw4q3fzx",713,"52.csv","","null","resources/images/fishbone.png","null","",NA,NA,NA,NA,""
"image-keyboard-response",1504,4319155,"0.0-15.45-0.45","bc9hr80gw4q3fzx",713,"52.csv","","16.200000002980232","resources/trios/A4L3T3.jpg","39","spatial",0.5,0.3,0.7,0.462241055811223,"true"
"image-keyboard-response",1505,4319561,"0.0-15.45-1.45","bc9hr80gw4q3fzx",713,"52.csv","","null","resources/maskTrios/BBT3.jpg","null","",NA,NA,NA,NA,""
"image-keyboard-response",1506,4320768,"0.0-15.45-2.45","bc9hr80gw4q3fzx",713,"52.csv","","null","resources/images/coin2.png","null","",NA,NA,NA,NA,""
"image-keyboard-response",1507,4320941,"0.0-15.46-0.46","bc9hr80gw4q3fzx",713,"52.csv","","171.1000000089407","resources/trios/L3T3A4.jpg","39","spatial",0.5,0.3,0.7,0.971211619032456,"false"
"image-keyboard-response",1508,4321345,"0.0-15.46-1.46","bc9hr80gw4q3fzx",713,"52.csv","","null","resources/maskTrios/BBA4.jpg","null","",NA,NA,NA,NA,""
"image-keyboard-response",1509,4322552,"0.0-15.46-2.46","bc9hr80gw4q3fzx",713,"52.csv","","null","resources/images/fishbone.png","null","",NA,NA,NA,NA,""
"image-keyboard-response",1510,4322659,"0.0-15.47-0.47","bc9hr80gw4q3fzx",713,"52.csv","","104.40000000596046","resources/trios/L3T3A4.jpg","39","spatial",0.5,0.3,0.7,0.967639346440265,"false"
"image-keyboard-response",1511,4323065,"0.0-15.47-1.47","bc9hr80gw4q3fzx",713,"52.csv","","null","resources/maskTrios/BBA4.jpg","null","",NA,NA,NA,NA,""
"image-keyboard-response",1512,4324271,"0.0-15.47-2.47","bc9hr80gw4q3fzx",713,"52.csv","","null","resources/images/fishbone.png","null","",NA,NA,NA,NA,""
"image-keyboard-response",1513,4324375,"0.0-15.48-0.48","bc9hr80gw4q3fzx",713,"52.csv","","102.20000000298023","resources/trios/L3A4T3.jpg","39","spatial",0.5,0.3,0.7,0.336099495683883,"true"
"image-keyboard-response",1514,4324779,"0.0-15.48-1.48","bc9hr80gw4q3fzx",713,"52.csv","","null","resources/maskTrios/BBT3.jpg","null","",NA,NA,NA,NA,""
"image-keyboard-response",1515,4325982,"0.0-15.48-2.48","bc9hr80gw4q3fzx",713,"52.csv","","null","resources/images/coin2.png","null","",NA,NA,NA,NA,""
"image-keyboard-response",1516,4326055,"0.0-15.49-0.49","bc9hr80gw4q3fzx",713,"52.csv","","70.8999999910593","resources/trios/L3T3A4.jpg","39","spatial",0.5,0.3,0.7,0.59937641051042,"true"
"image-keyboard-response",1517,4326462,"0.0-15.49-1.49","bc9hr80gw4q3fzx",713,"52.csv","","null","resources/maskTrios/BBA4.jpg","null","",NA,NA,NA,NA,""
"image-keyboard-response",1518,4327666,"0.0-15.49-2.49","bc9hr80gw4q3fzx",713,"52.csv","","null","resources/images/coin2.png","null","",NA,NA,NA,NA,""
"survey-text",1519,4412947,"0.0-16.0","bc9hr80gw4q3fzx",713,"52.csv","","85275.19999998808","","","",NA,NA,NA,NA,""
